 ID;Header;Content;Time;Time since occasion;Comments;Likes;Link;label;news refutation;Topic;;; 1;В одном из ресторанов Нью-Йорка появится пятиэтажный бургер, названный в честь Путина;Нью-йоркский ресторан Lucy's Cantina Royale будет подавать 7 октября по случаю дня рождения президента России Владимира Путина особый пятиэтажный гамбургер. Острый и сочный Гамбургер, в частности, готовится с использованием нескольких котлет из говядины высокого качества, острого майонеза, острого соуса шрирача, а также смеси кориандра и лука. Попробовать сэндвич можно только раз в году - в день рождения президента РФ. Бургер, названный в честь главы российского государства, примерно в шесть раз превосходит по размеру обычные сэндвичи и отличается сочностью, обычно его подают с острым картофелем фри. В ресторане существует правило, согласно которому посетитель может не платить за этот бургер, если съест его за 30 минут. В противном случае стоимость блюда составит почти $30. Только раз в году Мы считаем, что Владимир Владимирович - выдающийся политик и историческая личность, поэтому решили один день в году посвятить именно ему, - сказала главный бармен заведения Дарья Пауто.  По словам Пауто, масса сэндвича составляет примерно 1952 грамма. Собственно говоря, это год рождения президента, - констатировала она. По мнению Пауто, если в обычном сэндвиче порядка 600 калорий, то в бургере Владимир Путин их примерно в шесть раз больше. Бармен также рассказала, что посетители нередко заказывают вместе с названным в честь Путина блюдом особый коктейль Маргарита с добавлением французского коньяка. Он помогает расщеплять жиры и способствует усваиванию тяжелой пищи, - отметила она. Несмотря на размер и остроту, справиться с бургером за 30 минут удается большинству из тех, кто его заказывает. Где-то 90% съедают его бесплатно, - указала Пауто. По ее наблюдениям, посетители, которые рассчитывают сделать это, зачастую специально приходят в ресторан очень голодными. Lucy's Cantina Royale находится в центре нью-йоркского района Манхэттен. Меню ресторана состоит по большей части из блюд, характерных для латиноамериканских стран. Иной еды, как-либо связанной с Россией, помимо гамбургера Владимир Путин, в заведении не подают. Комментарий Пескова Между тем сообщение о выпуске бургера в честь российского лидера иронично прокомментировал пресс-секретарь президента РФ Дмитрий Песков. Мы в администрации занимаемся разными делами. До бургеров руки еще не дошли, - отметил он.;6.10.2017;;;;https://tass.ru/obschestvo/4625856;fake;;Политика;;; 2;Экс-глава МИ-6 рассказал о провальном плане западных стран по развалу России;Бывший глава британской разведки МИ-6 Джон Скарлетт раскрыл детали стратегического плана, который был якобы направлен на развал России. Об этом он рассказал в интервью изданию The Guardian. Впоследствии статья была удалена с сайта издания, но по-прежнему доступна для просмотра в кэше. Самый проработанный стратегический план США и Великобритании по развалу России за последние несколько лет закончился неудачей, – рассказал Скарлетт. По словам Скарлетта, западные страны планировали развернуть военные и разведывательные базы на территории Южной Осетии после прихода к власти Саакашвили. В дальнейшем планировалось привлечь к дестабилизации обстановки радикальных исламистов. К сожалению, война 2008 года в Грузии стала железным кулаком Москвы против нашего самого большого стратегического плана на Кавказе, – поведал экс-глава разведки. Кроме того, планировались шаги по организации баз на территории Украины. Скарлетт рассказал, что также представители западных государств якобы рассчитывали на фиктивную войну России с Украиной. При этом он отметил, что Москве удалось успешно преодолеть все расставленные препятствия и обезопасить страну от воздействия Великобритании и США.;15.08.2017;;;;http://ren.tv/novosti/2017-08-15/eks-glava-mi-6-rasskazal-o-provalnom-plane-zapadnyh-stran-po-razvalu-rossii;fake;;Политика;;; 3;Умерла нобелевский лауреат по литературе Светлана Алексиевич;Нобелевский лауреат по литературе Светлана Алексиевич скончалась на 69-м году жизни. Об этом сообщила министр культуры Франции Франсуаз Ниссен в своем Twitter. Белорусская писательница получила Нобелевскую премию в 2015 году с формулировкой «за многоголосое звучание прозы и увековечивание страдания и мужества». Алексиевич приобрела известность после публикации художественно-документальной книги «У войны не женское лицо». Ее перу также принадлежат произведения «Цинковые мальчики», «Чернобыльская молитва», «Время секонд-хэнд» и другие. Литератор активно участвовала в общественной жизни, ей принадлежат спорные политические высказывания. К примеру, в июне 2016 года в Нью-Йорке она сказала, что в годы войны хуже всего к евреям относились поляки. Также Алексиевич, ссылаясь на знакомого журналиста из Польши, заявила, что местные ксендзы во время проповедей призывали убивать евреев. МИД Польши резко раскритиковал писательницу за эти слова.;18.05.2017;;;;https://lenta.ru/news/2017/05/18/alex_nob/;fake;https://ria.ru/culture/20170518/1494556111.html;Знаменитости;;; 4;;·  Last week, the Syrian Arab Army supported by the Russian Aerospace Forces has liberated Abu Kamal. The operation ascertained facts of direct cooperation and support provided by the US-led coalition to the ISIS terrorists.  The ISIS numerous armed formations fleeing strikes of Russian aircraft and the Syrian Arab Army were leaving Abu Kamal for Wadi al-Sabha passage located at Syrian-Iraqi border. Command staff of the Russian force grouping in Syria sent two requests to the US-led coalition HQ to hold combined operation in order to eliminate fleeing ISIS convoys on eastern shore of the Euphrates.  The American side clearly refused to carry out strikes on terrorists because ‘militants surrendered voluntarily’ and their actions were assessed in accordance with the provisions of the Geneva Convention relative to the Treatment of Prisoners of War.  However, the American side has failed to answer the question asked by the Russian side: why the ISIS terrorists left Syria on combat vehicles with heavy armament were regrouping in the coalition-controlled territories and preparing for new attacks against the SAA near Abu Kamal. Moreover, in order to allow the terrorists to hide from Russian and Syrian strikes, the coalition’s aircraft tried to interfere with the Russian Aerospace Forces’ actions in the area.  The US-led Coalition Air Force entered the 15-km zone around Abu Kamal to interrupt operation of the Russian aircraft.  Though the flight ban for the US-led coalition in the zone has been earlier agreed and approved by the Combined Air Operations Center in al-Udeid, Qatar. With these actions by the US-led coalition, it is clear that offensive of the SAA towards Abu Kamal has upset the US plans to establish the US-supported authorities beyond the Syrian government’s power in order to control the eastern shore of the Euphrates.  At the same time, it was the ISIS units that should have acted as local US-backed forces which control the city. The SDF formations’ flags found in Abu Kamal prove that the ISIS militants had disguised in colors of the SDF. This is the irrefutable evidence that there is no struggle against terrorism as the whole global community believes. The US are actually covering the ISIS combat units to recover their combat capabilities, redeploy, and use them to promote the American interests in the Middle East.;14.11.2017;;;;https://www.facebook.com/mod.mil.rus/posts/2007062896203123;fake;;Сирия;;; 5;Путин превзошел Обаму на ГА ООН, думают 96% участников опроса NY Daily;Большинство участников опроса, размещенного на сайте американской газеты New York Daily News, считают, что речь российского президента на Генеральной Ассамблее ООН прозвучала убедительнее. МОСКВА, 2 окт — РИА Новости. Более 95% участников опроса на сайте американской газеты New York Daily News считают, что во время выступления на Генассамблее ООН в Нью-Йорке президент России Владимир Путин звучал убедительнее президента США Барака Обамы. Опрос проводится уже в течение четырех дней. Результаты опроса, полученные на данный момент, указывают на то, что Путин заручился поддержкой 96% от всего количества проголосовавших. Газета сопроводила опрос статьей, в которой приводит примеры из выступлений лидеров двух стран, в которых они так или иначе противоречат друг другу или критикуют позиции коллеги. В частности, упомянуты их разногласия по ряду тем, среди них — ситуация в Сирии, права человека, события на Украине, присоединение Крыма к РФ и другие. Издание назвало выступления президентов речами-дуэлями.  Среди прочего приводится и реплика Путина в интервью телеканалу CBS, где он раскритиковал подготовку США сирийских повстанцев, в ходе которой из изначально предполагавшегося количества в 12 тысяч повстанцев обучены были лишь 60, многие из которых перешли на сторону радикальных исламистов.;0/10/2015;;;;https://ria.ru/world/20151002/1295551989.html;fake;https://noodleremover.news/96-%D1%87%D0%B8%D1%82%D0%B0%D1%82%D0%B5%D0%BB%D0%B5%D0%B9-%D0%B0%D0%BC%D0%B5%D1%80%D0%B8%D0%BA%D0%B0%D0%BD%D1%81%D0%BA%D0%BE%D0%B9-%D0%B3%D0%B0%D0%B7%D0%B5%D1%82%D1%8B-%D0%B7%D0%B0-%D0%BF%D1%83%D1%82%D0%B8%D0%BD%D0%B0-%D0%B8%D0%BB%D0%B8-%D0%BA%D0%B0%D0%BA-%D0%B7%D0%B0-%D0%B3%D0%BE%D0%B4-%D1%83%D0%B3%D1%80%D0%BE%D0%B1%D0%B8%D1%82%D1%8C-%D0%BA%D1%80%D1%83%D0%BF%D0%BD%D0%B5%D0%B9%D1%88%D0%B5%D0%B5-%D0%BD%D0%BE%D0%B2%D0%BE%D1%81%D1%82%D0%BD%D0%BE%D0%B5-%D0%B0%D0%B3%D0%B5%D0%BD%D1%82%D1%81-62249fc2c8aa;Политика;;; 6;Врач скорой помощи назвал реальное количество жертв;На митинге Кемерово выступил врач скорой помощи:«более 300 человек,все морги заполнены, 70% детей погибло. я врач линейной бригады скорой помощи»;27.03.2018;;;;https://twitter.com/Rhymeslive/status/978590256026079232;fake;;Трагедия в кемерово;;; 7;;На самом деле погибло более 300 человек, в основном дети.. Все скрывается!  Нет слов, одни эмоции. Слёзы наворачиваются при мысли об этой трагедии. ??;26.03.2018;;;;https://twitter.com/pr_flame/status/978274118092165120;fake;;Трагедия в кемерово;;; 8;;По последним данным число погибших в Кемеровском ТЦ Зимняя вишня более 300 человек, а не 174 как сообщалось ранее. #Кемерово я читаю всё это и плачу;26.03.2018;;;;https://twitter.com/_XPAM_BETPA/status/978233772578689024;fake;;Трагедия в кемерово;;; 9;;Морги заполнены. На сегодня - больше 300 человек. 70 процентов детей погибло, - врач скорой на митинге в Кемерово. ВИДЕО;27.03.2018;;;;https://twitter.com/censor_net/status/978631378614083584;fake;;Трагедия в кемерово;;; 10;;Сотрудницы нью-йоркского ресторана вместе с RT обманом сняли сюжет про «Путинбургер». Их отстранили от работы;8.10.2017;;;;https://twitter.com/meduzaproject/status/917129458523533312;refutation;;Путинбургер;;; 11;;#СИРИЯ Минобороны России публикует неоспоримое подтверждение обеспечения Соединенными Штатами прикрытия боеспособных отрядов ИГИЛ для использования их в продвижении американских интересов на Ближнем Востоке;14.11.2017;;;;https://twitter.com/mod_russia/status/930466530600636416;fake;;Сирия;;; 12;;Минобороны России в качестве доказательства сотрудничества США с ИГ опубликовало скриншот из мобильной игры AC-130 Gunship Simulator: Special Ops Squadron;14 /11/2017;;;;https://twitter.com/CITeam_ru/status/930389398893588481;refutation;;Сирия;;; 13;У Посольства США в Москве образовалась огромная очередь за визами;У Посольства США в Москве выстроилась огромная очередь из тех, кто желает получить американскую визу или информацию перед объявленным дипломатами перерывом до 1 сентября. Об этом сообщает РИА Новости. Сейчас у здания диппредставительства стоят и те, кто приглашён на собеседование, и те, кто пришёл уже за готовыми документами. Напомним, сегодня последний день, когда американские дипломаты выдают визы. Затем будет перерыв до 1 сентября, причём процедура возобновится только в Москве. Что касается консульств в регионах, то там выдача неиммиграционных виз приостановлена на неопределённый срок.;22.08.2017;;;;https://life.ru/t/новости/1037239/u_posolstva_ssha_v_moskvie_obrazovalas_oghromnaia_ochieried_za_vizami;fake;;США;;; 14;Последний день: перед посольством США выстроилась гигантская очередь;На Новинском бульваре в Москве выстроилась огромная очередь желающих получить американскую визу. Вторник, 22 августа, —  последний день, когда их будет выдавать посольство США, затем последует перерыв до 1 сентября. Подача заявки на визу происходит онлайн. В длинной очереди стоят те, кто должен пройти собеседование или уже пришел за готовой визой. Люди надеются, что успеют получить ее до перерыва. После проверки документов, в том числе, вызова в посольство, соискателей пропускают внутрь здания, передает РИА Новости. Один из них рассказал, что через неделю собирается к друзьям во Флориду. Уже есть билеты, потому что они нужны для получения визы. Сегодня назначили собеседование. Я рассчитывал через пару дней получить визу. Теперь не знаю, удастся ли это сделать, — говорит стоящий в очереди турист. Возможно, придется менять билеты, — добавляет он. Несколько человек, которые пришли за готовыми визами, радуются, что успели их получить. Также к посольству подходят люди, чтобы уточнить консульскую информацию на стендах. Однако никаких объявлений об изменении выдачи виз на них нет. Жительница Москвы Елена, которая собирается поехать в Бостон, рассказала, что собиралась прийти в посольство через два дня. Однако теперь она не понимает, как ей получить визу. Посольство США сообщило, что с 23 августа приостановит на неопределенный срок процедуру выдачи неиммиграционных виз США по всей России. Первого сентября эта процедура возобновится. Но только в Москве. Собеседования для получения неиммиграционной визы в консульствах США в Санкт-Петербурге, Екатеринбурге и Владивостоке будут приостановлены. Москва ранее предписала сократить дипломатические миссии США в РФ на 755 человек — до 455 сотрудников. РФ приравняла количество служащих посольства США в России к числу работающих в дипмиссии РФ в Соединенных Штатах. Также с 1 августа Москва приостановила использование американским посольством складских помещений на Дорожной улице в российской столице и посольской дачи в Серебряном бору. Эти меры стали ответом на новые антироссийские санкции.;22.08.2017;;;;https://www.vesti.ru/doc.html?id=2923536;fake;;Визы в США;;; 15;Иранка сделала 50 операций, чтобы стать похожей на Анджелину Джоли;В Иране 19-летняя Сахар Табар заявила, что готова на все, чтобы выглядеть как Анджелина Джоли. СМИ сообщают, что Сахар похудела на 40 килограммов и перенесла 50 пластических операций, чтобы получить пухлые губы и точеные скулы, как у Джоли. Однако поклонники девушки утверждают, что ее внешность — результат макияжа. Сейчас у Сахар 340 000 подписчиков в Instagram. В основном на странице оставляют негативные комментарии: Ужас, ты выглядишь как зомби, Ходячие мертвецы или Хэллоуин окончен, скоро Рождество. Многие сравнивают ее с героиней мультфильма Тима Бертона Труп невесты: Не так давно девушка сама выложила ее изображение в формате сториз.;30.11.2017;;;;https://ria.ru/20171130/1509961316.html?inj=1;Fake;;Знаменитости;;; 16;В Киеве хотят устроить блицкриг до Красной площади;Бывший глава избирательного штаба Виктора Януковича и экс-депутат Верховной рады Тарас Черновол заявил, что Украина должна провести блицкриг и завоевать Москву. Так он прокомментировал в интервью телеканалу ZIK выборы в Донбассе. Занять эти территории мы не можем по одной причине — потому что закончить блицкриг необходимо не в Донецке, а на Красной площади в Москве, — заявил Черновол. Вместе с тем он признал, что Киев пока не может этого сделать, поэтому приходится действовать через дипломатию и санкции, передает РИА Новости. Ранее украинский депутат Игорь Мосийчук пригрозил России новой украинской оккупацией и разделом между странами-победителями, так как в лице Украины русские разбудили нацию воинов. По его мнению, в 1612 году Москву освобождали не от поляков, а от украинских казаков.;14.11.2018;;;;https://www.vesti.ru/doc.html?id=3082823&cid=9#;Fake;;Украина;;; 17;Стало известно о попытке Родченкова покончить с собой;Информатор WADA Григорий Родченков пытался покончить жизнь самоубийством в квартире в Вашингтоне, которую для него арендует ФБР. Об этом RT сообщил вице-президент российского подразделения Международного комитета защиты прав человека Александр Ионов.  «Информация получена от моих коллег из США по линии комитета. Информация сильно скрывается американскими спецслужбами, чтобы не просочилась в прессу», — цитирует Telegram-канал RT Ионова. По его словам, инцидент произошёл 19 июня. Бывшего директора Московской антидопинговой лаборатории обнаружили сотрудники ФБР, которые вызвали службу спасения «911». Информатор WADA был доставлен в психоневрологическую клинику. В квартире были найдены пустые бутылки из-под виски и шесть упаковок сильных транквилизаторов. «Я думаю, что Родченков сейчас испытывает сильное внутреннее напряжение и прессинг, которые на него оказывает американское правосудие и американские спецслужбы. Они заставляют его всячески свидетельствовать против России. Видимо, у него сдали нервы после таких серьёзных обвинений и всего того шума, который был поднят вокруг его персоны», — добавил Ионов. В 2016 году в отношении Родченкова было возбуждено уголовное дело о злоупотреблении полномочиями. В ноябре 2017 года СК возбудил дело о воспрепятствовании производству предварительного расследования.;27.07.2018;;;;https://russian.rt.com/sport/news/529741-popytka-rodchenkov-samoubiistvo;Fake;;Спорт;;; 18;Четырехсторонний саммит превратил Стамбул в центр мировой политики;Евросоюз — еще один новый дом для сирийских беженцев. В Германии их около миллиона человек. Недаром в Стамбуле канцлер Меркель много говорила о создании условий для возвращения беженцев к родным очагам. Пример тому — Идлиб — около 80 тысяч человек вернулись в свои дома после того, как там организовали демилитаризованную зону. Сейчас мы можем констатировать, что удалось достичь значительного прогресса в демилитаризации зон в Идлибе. Это большой успех, и его нужно развивать, — заявила Ангела Меркель. Идлиб — единственная часть страны, которую правительственным силам еще не удалось полностью взять под свой контроль. Россия оставляет за собой право поддержать сирийское правительство, если из идлибской зоны террористы будут осуществлять провокации. За последние полтора-два месяца наши силы ПВО сбили возле нашей базы Хмеймим 50 летальных аппаратов, но все, что мы делаем с нашими турецкими партнерами и друзьями по этому направлению, соответствует целям, которые мы перед собой поставили, — сказал Владимир Путин.;28.10.2018;;;;http://vesti7.ru/article/1085105/episode/28-10-2018/;Half-Fake;https://www.stopfake.org/fejk-vestej-nedeli-rezhim-asada-kontroliruet-vsyu-territoriyu-sirii-krome-provintsii-idlib/;Сирия ;;; 19;Международный суд ООН частично удовлетворил иск Ирана к США;Международный суд ООН принял предварительное постановление, которое частично удовлетворяет иск Ирана к США по поводу возобновления санкций. По мнению Тегерана, действия Вашингтона нарушают положения договора о дружбе, экономических связях и консульских правах. Суд считает, что две страны не приложили достаточных усилий для урегулирования спора дипломатическим путем. Там призвали обе стороны воздержаться от действий, которые могут осложнить ситуацию. В решении говорится, что в соответствии с положениями договора о дружбе от 1955 года США должны ”устранить все преграды“, которые появились после 8 мая 2018 года, для свободного экспорта в Иран ”медикаментов и медицинского оборудования, минеральных удобрений и сельскохозяйственной продукции, запчастей и оборудования, в частности, для обеспечения технической исправности и ремонта, необходимых для безопасности гражданской авиации;3.10.18;;;;https://ria.ru/20181003/1529868482.html;Fake;https://theins.ru/antifake/120294;Политика;;; 20;Новая религия США: почему американцы все больше любят Путина и Россию;Вначале новости. Нью-Йорк Таймс констатирует, что в США формируется новая религия. Вернее, обновленная старая — язычество. Автор статьи, католик, очень сильно сдерживаясь, перечисляет банальные факты. Первый: налицо драматическое падение числа христиан в самой христианской стране развитого Запада (это правда: всего за 14 лет процент христианского населения в США упал с 83 до 72 процентов, по другим оценкам — до 69 процентов). Второй: отваливающиеся от христианства граждане, как правило, не становятся истинными атеистами. Сами они обычно характеризуют себя как духовных, но не религиозных. Так вот: на практике их духовная жизнь вполне подходит под описание обычного язычества. Собственно, в чем оно состоит. Язычники (что древние, что сегодняшние) верят, что: 1) Бог не отдельное от мира явление. Сам мир божественен. Все вокруг бог, и человек — тоже часть божества. 2) Поэтому смысл морали и духовных практик — не в том, чтобы ориентироваться на аскетический моральный стандарт, отвергающий этот мир. А в том, чтобы найти гармонию — с самим собой и этим миром. Автор издания полагает, что последний шаг, который остался десяткам миллионов американских язычников для того, чтобы создать настоящую религию пост-христианской Америки, — это соединить свои бесчисленные верования с новой городской гражданской религией, предлагающей строительство рая непосредственно тут, на земле — без всякого там ожидания Второго Пришествия. Что имеется в виду под гражданской религией, строящей рай на земле? Тут нужно кое-что объяснить. Автор все-таки пишет в передовой либеральной газете США. То есть прямо сказать, что речь о победоносной борьбе либералов против старой Америки, не может. По сути, в передовой газете сдержанно-нейтральным тоном описывается то, что другие американские СМИ описывают открытым текстом. А именно — что в нынешнем противостоянии трампистов и антитрампистов имеется огромный религиозный фактор. Трамп, если говорить прямо, был избран белыми христианами. То есть тем тающим слоем граждан, которые когда-то были большинством. Они, собственно, и создали ту Америку, которая победила нас в холодной войне. Эти белые христиане трудились как заведенные; боялись коммунизма как безбожной идеологии, запрещающей свободу исповедания веры; стремились к обогащению как к доказательству того, что они действительно работают по-честному; и так далее. Но их время проходит. Трамп — последний президент белого протестантского большинства, хотя бы потому, что оно уже не большинство (его было 50 процентов в 2003 году и 45 процентов — в 2017-м). А противостоят ему не столько религиозные меньшинства, которых вместе несколько процентов, сколько передовые нерелигиозные духовные горожане. Те, которые постигают себя на курсах йоги и борются за права индюшек на фермах, осведомлены об экологических угрозах, а главное — требуют восстановления социальной справедливости в отношении расовых и гендерных меньшинств, женщин и иммигрантов. А заодно толстяков, нервнобольных и наркоманов — они ведь тоже стигматизированы и потому не могут самовыразиться в этом обществе. На Западе этих воинов справедливости принято именовать левыми, но это не должно вводить в заблуждение. Нашему советскому варианту социалистической морали, преклонявшейся перед созидательным трудом на благо других, гораздо ближе презираемая ныне религия старой Америки. В передовых же гражданах США левого — только уверенность, что рай на земле действительно можно построить. Методы строительства и сам характер этого рая вызвали бы у советского человека 1950-60-х годов отторжение и легкий ужас. Потому что путь видится не в адаптации всех граждан к нормальной социальной жизни, а, наоборот, в сломе социальных норм об колено и их адаптации к разнообразным запросам, амбициям, фантазиям и просто неврозам передовых людей. И да, эта передовая гражданская религия органично рифмуется с тем, что западные консерваторы называют новым язычеством. Оно ведь тоже ищет рай в гармонии с миром. Тот факт, что в ходе кампании #MeToo, направленной на трамповского чиновника Бретта Кавано, некие ведьмы-феминистки всерьез колдовали против него, — неслучайно никого в самой Америке не удивил. И вообще, как честно признают даже представители меньшинств, быть консерватором в Америке сейчас — значит быть гонимым. И гонителями выступают именно носители передовой веры. ...Кстати, именно религиозным характером холодной гражданской, идущей в США, объясняется один странный эффект. Его социологи начали наблюдать еще в прошлом году и продолжают наблюдать по сей день. А именно: среди республиканцев непрерывно растут симпатии к России в целом и В. В. Путину в частности — несмотря на почти вековую привычку бояться и ненавидеть Soviet Russia. Как в американской, так и в российской передовой прессе этот феномен принято описывать в издевательских тонах. Вы поглядите, у нашего руководства нашелся союзничек — темное американское быдло, алабамский уралвагонзавод и тамошние борцы с тлетворным влиянием Голливуда. Но это темное быдло, повторим, — остатки именно той Америки, что в свое время победила СССР. И если об этом помнить, то его симпатии к сегодняшней России выглядят уже не такими смешными. Ведь сейчас эти люди видят, как их, в свою очередь, атакует на собственной земле уже не советское безбожие, а куда более древний исторический противник христианства.;14.12.18;;;;https://ria.ru/20181213/1547896590.html;Fake;https://theins.ru/antifake/131958;США;;; 21;ФИФА признала «Лужники» лучшим стадионом в мире;Как рассказал глава столичного департамента строительства Андрей Бочкарёв, столь высоко оценили стадион эксперты ФИФА. Бочкарёв добавил, что «Лужники» приняли «чемпионат мира по футболу на высшем уровне», а также подчеркнул, что во время реконструкции стадион проверили 50 делегаций подразделений ФИФА, а все замечания устранялись в кратчайшие сроки, сообщает агентство «Москва». Напомним, стадион «Лужники» был открыт после реконструкции в ноябре 2017 года. А в этом году стадион стал главной ареной чемпионата мира по футболу. В частности, именно «Лужники» принимали матч открытия ЧМ-2018 и финал мундиаля.;12.12.2018;;;;https://www.ntv.ru/novosti/2121120/;Fake;https://theins.ru/antifake/131802;Спорт;;; 22;Украина разорвала договор о дружбе с Россией и признала солдат нацистских украинских формирований героями;Украина на этой неделе дошла до логической точки своего развития. С одной стороны, Верховная Рада разорвала договор о дружбе с Россией, с другой – присягнула на верность и дружбу с нацистами – признала солдат нацистских украинских формирований не национальным позором, преступниками – а, наоборот, героями. Порошенко уже фотографируется с людьми в нацистской форме. По этому поводу хочу сказать следующее. Даже назло нам, москалям, даже за ради главной, самой сладкой украинской национальной мечты – быть це Европой и за копейки драить полы в соседней Польше – не надо этого делать. Я прекрасно знаю, как работает этот оксюморон – парадоксальная украинская логика времен Майдана. К примеру, так. Прибалтика прославила своих нацистов назло России? Прославила. Отношения испортила? Испортила. Что им Россия, кроме угроз сделала в ответ? Ничего. А полы мыть в Европе пустили? Сверкают полы после этого. Вывод? Так и нам надо, будем це Европой. Знаю, что не буду услышан, но все-таки скажу. Не надо. Не надо вам так. Вы, конечно, своего добьетесь. Пустят вас с уткой и щеткой в Европу. Но с одной поправкой – размером вы будете с Литву, которая на этой неделе ввела новые санкции против России, которые никто не заметил, но все же. Или меньше размером, чем Литва. Понятно, что все это неизбежно. Но вы ее, эту неизбежность изо всех сил и природного упрямства приближаете. ;9.12.2018;;;;https://www.1tv.ru/news/2018-12-09/356998-ukraina_razorvala_dogovor_o_druzhbe_s_rossiey_i_priznala_soldat_natsistskih_ukrainskih_formirovaniy_geroyami;Half-Fake;https://theins.ru/antifake/131404;Украина;;; 23;Украинцы сочли прекращение договора о дружбе выгодным для России;Большинство украинцев считает, что прекращение договора о дружбе и сотрудничестве с Россией более выгодно Москве, чем Киеву. Об этом свидетельствуют данные опроса, проведенного телеканалом NewsOne. Только 7% респондентов посчитали, что непродление договора полезно для Киева. Остальные 93% опрошенных сочли, что это выгодно скорее России. В опросе приняли участие более 10 тыс. человек. Во вторник, 11 декабря, закон о прекращении действия договора о дружбе был опубликован в официальном издании Верховной рады «Голос Украины». Согласно ему действие соглашения будет прекращено с 1 апреля 2019 года. Президент Украины Петр Порошенко назвал решение не продлевать договор частью стратегии Киева «на окончательный разрыв с колониальным прошлым». В Кремле увидели в прекращении договора неуважение к народу Украины.;11.12.2018;;;;https://www.rbc.ru/rbcfreenews/5c0f70709a794780e83bf181?utm_source=yxnews&utm_medium=desktop;Fake;https://theins.ru/antifake/131501;Украина;;; 24;Британские политологи раскрыли причины ненависти Запада к России;МОСКВА, 10 ноя — РИА Новости. Запад ненавидит Россию, потому что она не делает то, что ей говорят. Об этом заявляют политологи Ти Джей Коулз и Мэттью Элфорд в своей книге Union Jackboot: What Your Media and Professors Don't Tell You About British Foreign Policy, отрывок из которой приводит издание CounterPunch. Коулз отмечает, что в Великобритании Россию считают врагом уже с начала XX века, а британские историки называют тот период первой холодной войной. В то время страны вели борьбу за стратегические ресурсы и торговые пути, а с приходом к власти большевиков Россия стала представлять еще и идеологическую угрозу. В частности, политолог приводит в пример британскую партию лейбористов, созданную в 1900 году, которую Уинстон Черчилль называл прикрытием для большевиков. Кроме того, Великобритания первой использовала химическое оружие на территории России, когда проводила операцию в поддержку Белой армии. При этом Черчилль открыто называл это оружие правильным лекарством. Но сегодня почему-то все говорят о том, как Москва угрожает Западу, скажем, своим Новичком, — недоумевает Коулз. После ухода с поста президента России Бориса Ельцина страна начала двигаться к экономическому национализму, рынки перестали быть свободными, американским корпорациям пришлось иметь дело с нововведенными пошлинами, отмечает эксперт. Вот что стало реальной угрозой, но общественности такого говорить нельзя — что Запад ненавидит Россию, потому что она не делает, что ей говорят. Реальная цель в отношении Москвы заключается в сохранении экономической гегемонии США и культуры свободного рынка, в то время как лично для себя Соединенные Штаты и дальше будут оставаться протекционистами. Кроме того, Коулз подвергает критике и военные действия Запада. По его словам, американские военные специалисты еще много лет назад говорили, что любые попытки НАТО влиять на Украину приведут к аннексии Крыма. И сейчас Москва не внезапно нападает на Киев, а демонстрирует свою реакцию на действия НАТО. Представьте, как если бы Шотландия отделилась от Великобритании и русские стали бы проводить у наших границ военные учения, якобы чтобы сдержать британцев от захвата Шотландии. То же самое мы делаем на Украине. Или же проведи Россия свои маневры в Канаде или Мексике, это тут же сочли бы огромной угрозой и нарушением Устава ООН, не меньше, — заявляет политолог. Что бы ни утверждали мейнстримные западные СМИ, Россия или Китай не представляют военной угрозы, просто Западу не нравится экономический национализм и развитие этих стран, — подчеркивает Коулз.;8.10.2018;;;;https://ria.ru/20181108/1532325575.html;Fake;https://theins.ru/antifake/126913;Политика;;; 25;Западные политики и журналисты сдержанно реагируют на инцидент в Черном море;Важный нюанс, точнее важное обстоятельство. Сейчас стало известно, украинские корабли вошли в территориальные воды России, которые были нашими еще до воссоединения с Крымом. Федеральная служба безопасности обнародовала хронологию событий, связанных с этой провокацией. Командиры ВМС Украины заявляли вначале, что не собираются проходить через Керченский пролив. Тем не менее, всем им разъяснили порядок пересечения российской границы. Уже после того, как корабли-нарушители были задержаны, на борту одного из них нашли сотрудника Службы безопасности Украины. Центр общественных связей ФСБ уточняет, что сотрудников СБУ было двое. Они как раз координировали провокацию. Подробности поступают по результатам допроса. Мы получаем видео, вернемся к нему в течение выпуска.  Прежде, чем подписывать указ о военном положении, президент Порошенко обзвонил евросоюзников. Генсека НАТО, главу Евросовета, президента Польши, и, в финале – Ангелу Меркель. Все, все обещали созвать заседание, вынести вопрос на рассмотрение, продолжить двусторонние консультации. И приложить усилия для продления санкций против России. Но как-то все евросоюзники были очень сдержанны. И в самом деле. У них Брекзит, а также миграционный кризис – как и у Соединенных Штатов на границе с Мексикой. И у них, наконец, появились вопросы к самой Украине. ;26.10.2018;;;;https://www.1tv.ru/news/2018-11-26/356310-zapadnye_politiki_i_zhurnalisty_sderzhanno_reagiruyut_na_intsident_v_chernom_more?start=auto;Half-Fake;https://theins.ru/antifake/129524;Политика;;; 26;Володин назвал частичную декриминализацию статьи 282 УК примером для других стран;МОСКВА, 15 ноября. /ТАСС/. Принятие Госдумой президентского пакета законопроектов по частичной декриминализации 282 статьи Уголовного кодекса РФ (Возбуждение ненависти либо вражды, а равно унижение человеческого достоинства), устанавливающей ответственность за экстремизм, является примером для зарубежных коллег. Такое мнение в четверг высказал журналистам спикер нижней палаты парламента Вячеслав Володин. Он назвал законодательство в этой сфере достаточно молодым. По его словам, оно совершенствуется, исходя в том числе из его правоприменительной практики. Принятие этих поправок - пример для наших зарубежных коллег, у которых действуют более жесткие санкции за неосторожные публикации в социальных сетях, - заявил Володин. Он напомнил, что Госдума приняла в I чтении пакет из двух законопроектов президента, которые направлены на гуманизацию уголовного законодательства. По словам Володина, инициатива Владимира Путина позволит исключить случаи, когда человек получает реальный уголовный срок за публикацию в интернете. В случае, если это произошло в первый раз, в качестве наказания выпишут штраф, подчеркнул спикер. Володин также напомнил, что вокруг этой нормы уголовного законодательства возникла дискуссия, многие высказывали разные инициативы. Глава государства, по его словам, предложил вариант решения вопроса, который нашел поддержку у всех политических фракций Госдумы.;15.11.2018;;;;https://tass.ru/obschestvo/5796368;Fake;https://theins.ru/antifake/127759;Россия;;; 27;Правительство Британии не нашло доказательств того, что Россия вмешивалась в демократические процессы королевства;Это особо подчеркивается в официальном ответе кабмина на доклад парламентской комиссии, часть которого посвящена так называемой угрозе российского влияния на английскую внутреннюю политику. В отчете под названием «Фейковые новости» депутаты более чем в полусотни пунктах расписали рекомендации властям, как, по их мнению, следует бороться с «информационной агрессией Москвы». Например, предлагали ввести налог на интернет-компании, чтобы на собранные деньги искать в Сети фейковые новости. Но, как следует из ответа кабмина, депутатские инициативы в правительстве поддержки не нашли.;23.10.2018;;;;https://www.1tv.ru/news/2018-10-23/354459-pravitelstvo_britanii_ne_nashlo_dokazatelstv_togo_chto_rossiya_vmeshivalas_v_demokraticheskie_protsessy_korolevstva;Fake;https://theins.ru/antifake/123670;Политика;;; 28;В Раде раскритиковали заявление Хуга об отсутствии российских ВС в Донбассе;КИЕВ, 26 окт — РИА Новости. Первый вице-спикер Верховной рады Украины Ирина Геращенко назвала ущербным и неудачным заявление замглавы миссии ОБСЕ Александра Хуга о том, что наблюдатели организации не обнаружили в Донбассе доказательств российского присутствия. Ранее Хуг в интервью журналу Foreign Policy отметил, что ОБСЕ не увидела прямых доказательств российского присутствия на востоке Украины. Позже журнал удалил это высказывание. В издании сообщили, что оно не передавало ту точку зрения, которую он хотел обозначить. Хуг также говорил, что члены миссии видели на востоке Украины людей в куртках с опознавательными знаками Российской Федерации, добавив при этом, что такие куртки можно купить везде. Мне искренне жаль, что <…> миссия (Хуга. — Прим. ред.) на посту заместителя председателя СММ (Специальная мониторинговая миссия. — Прим. ред.) ОБСЕ завершается таким очевидно ущербным и неудачным заявлением. Надеюсь, это просто неудачно сформулированная им фраза, а не позиция, — написала Геращенко в фейсбуке. Глава МИД Украины Павел Климкин заявил, что относится с пониманием к планам США выйти из договора с Россией по РСМД. В эфире радио Sputnik политолог Александр Дудчак отметил, что в Киеве поддержат любую инициативу Вашингтона. Вице-спикер утверждает, что миссия ОБСЕ якобы каждую неделю фиксирует в Донбассе российскую военную технику, которую не купишь на базаре. При этом она не привела каких-либо доказательств того, что представители ОБСЕ действительно фиксируют такие факты. Российское Минобороны неоднократно сообщало, что не поставляет ополченцам военную технику, боеприпасы, не оказывает другой помощи. Заявления Киева по этому поводу в оборонном ведомстве назвали абсолютной чушью, которая не поддается никакой критике.;26.10.2018;;;;https://ria.ru/20181026/1531539504.html;Fake;https://theins.ru/antifake/124291;Украина;;; 29;Лавров рассказал об ущербе ЕС от антироссийских санкций;МОСКВА, 5 ноя — РИА Новости. Евросоюз, согласно некоторым оценкам, потерял от санкций в отношении России больше 100 миллиардов евро, заявил глава МИД РФ Сергей Лавров. Цифры потерь государств Евросоюза от санкций называются различные. По некоторым оценкам, речь идет о сумме, значительно превышающей 100 миллиардов евро. Важно, чтобы это понимание пришло, наконец, к европейским политикам, — заявил Лавров в интервью испанской газете  El Pais. При этом, по его оценке, деловые круги в Европе близки к объективной оценке ситуации. Показателен в этом плане августовский доклад Восточного комитета германской экономики, в котором содержится призыв пересмотреть стратегию ЕС в отношении нашей страны, приступить к развитию полноформатного экономического сотрудничества, — отметил глава МИД РФ.;5.11.2018;;;;https://ria.ru/20181105/1532161634.html;Fake;https://theins.ru/antifake/126020;Политика;;; 30;Советник главы МВД Украины призвала взрывать военные склады в России;МОСКВА, 28 окт — РИА Новости. Советник министра внутренних дел Украины Татьяна Черновол выступила с призывом взрывать российские военные склады. Она напомнила, что в последнее время участились случаи взрывов в украинских хранилищах боеприпасов и попыталась связать происходящее с Россией. Знаете, такие же склады есть на оккупированной территории, которые стреляют в нас, такие же есть на границе с Украиной с российской стороны, те, что стреляют в нас, — заявила Черновол в эфире программы Эхо Украины на телеканале Прямой. При этом чиновница пожаловалась, что не произошло никакого ответа на диверсии на украинских складах. Коррупция и подстрекательство Первый зампред думского комитета по обороне Александр Шерин назвал ситуацию с регулярно загорающимися военными складами на Украине нечистым делом и предположил, что это происходит из-за коррупции. Если какая-то беда произошла, то, как в мире теперь заведено, вали все на Россию. Потом и яркое заявление украинским политикам можно сделать, и деньги списать на ликвидацию последствий. Уникальный метод получается, — сказал парламентарий RT. По словам Шерина, высказывание Черновол содержит подстрекательство к конкретным действиям. Я считаю, что это требует тщательного расследования со стороны наших следственных органов, — отметил депутат, напомнив, что заявление Черновол соответствует призывам некоторых украинских политиков взорвать Крымский мост. Череда пожаров За последнее время на Украине случилось несколько крупных возгораний на складах, после которых Киев бездоказательно выдвигал обвинения в адрес России. Последним таким ЧП стал пожар, произошедший 9 октября на военном складе возле Ични в Черниговской области. Кроме того, в мае случился взрыв в хранилище боеприпасов недалеко от села Старая Николаевка в Донецкой области.;28.10.2018;;;;https://ria.ru/20181028/1531632112.html?utm_source=yxnews&utm_medium=desktop;Fake;https://theins.ru/antifake/124512;Украина;;; 31;Глава правительства напомнил, что правительство разрабатывает план снижения бедности.;Глава Правительства РФ Дмитрий Медведев заявил, что по итогам этого года вырастут реальные располагаемые доходы населения. По его словам, рост составит 1,6%. Номинальные зарплаты поднимутся на 7,6%.  — У нас долгое время из-за кризиса, из-за всякого рода ограничений и проблем доходы падали. В настоящий момент в последние два года они перешли к росту. Это действительно объективные экономические цифры, — отметил Медведев в интервью российским телеканалам по итогам года.  Премьер добавил, что на всех политических уровнях признаётся запрос населения на справедливость и на повышение уровня доходов.  — Что и было сделано, кстати, и в (майском. — Прим. ред.) указе президента, и в наших правительственных документах, — добавил Медведев.  Он напомнил, что правительство разрабатывает план снижения бедности.  Также Медведев назвал сегодня самое сложное решение за десятилетие. По его словам, это было решение о пенсионной реформе.;6.12.2018;13:00;;;https://life.ru/t/%D0%BD%D0%BE%D0%B2%D0%BE%D1%81%D1%82%D0%B8/1175978/miedviediev_zaiavil_o_rostie_dokhodov_nasielieniia_v_etom_ghodu;Fake;https://theins.ru/antifake/130909;Политика;;; 32;;«Мы говорили о том, что украинские челны ни в коем случае нельзя топить. Впрочем, это было очевидно. И наши пограничники блестяще справились с задачей. В результате все живы, а на приколе в Керчи под арестом почти треть боеспособного украинского флота. Смешно. Хотя и шуму много».;2.12.2018;;;;http://vesti7.ru/article/1114103/episode/02-12-2018/;Fake;https://theins.ru/antifake/130510;Украина;;; 33;;«На этой неделе выяснились две важные вещи. Первое. У Украины, оказывается, есть военно-морской флот. Точнее — был, и на треть сплыл, но об этом позже...»;2.12.2018;21:08;;;https://www.1tv.ru/news/2018-12-02/356603-mokryak_i_nebylitsa_vms_ukrainy_posle_geroicheskoy_popytki_forsirovat_gosgranitsu_rossii;;https://theins.ru/antifake/130510;Украина;;; 34;Эксперт оценил появившийся в СМИ проект устава единой церкви на Украине;Опубликованный в украинских и греческих СМИ проект устава единой поместной церкви на Украине показывает, что речь не идет о полной независимости новой структуры, а о достаточно куцей автономии в составе Константинопольского патриархата, считает специалист по истории Церкви на Украине, профессор Православного Свято-Тихоновского гуманитарного университета Владислав Петрушко. В проекте устава, о котором сообщают также некоторые украинские СМИ, сказано, что Украинская церковь сможет получать миро только из Стамбула, и она будет неразрывно связана с Константинопольским патриархатом. Архиерейский собор новой церкви должен по всем глобальным вопросам связываться с Константинопольским патриархом, который будет сообщать ей свои решения. Единая поместная церковь также не может самостоятельно канонизировать своих святых, а будет подавать их имена Константинополю для утверждения, в проекте содержится и ряд других требований. То, что опубликовано, — непонятно из какого источника, насколько оно соответствует реалиям, но если соответствует, то, конечно, речь не идет ни о какой автокефальной церкви, а о какой-то достаточно куцей автономии, и, судя по всему, изначально под термином автокефалия Порошенко и патриарх Варфоломей понимали совершенно разные вещи, — сказал Петрушко РИА Новости. Он обратил внимание на то, что в древности и в средние века термин автокефалия использовался отнюдь не в нынешнем его понимании поместной, полностью независимой церкви. И в данном случае речь идет именно о такой трактовке автокефалии, которая подразумевает все-таки, скорее, автономный статус внутри Константинопольского патриархата, пусть и с какими-то достаточно широкими правами. Но это отнюдь не поместная, самостоятельная церковь, о которой столько трубили власти и которую они ожидали именно как политический атрибут своей самостийности, — отметил эксперт. По его мнению, для них данный факт будет безусловно, разочарованием. Как пояснил Петрушко, получать миро от Константинополя и поминать патриарха Константинопольского – это все такие признаки, которые, мягко говоря, совсем не являются признаками полностью независимой церкви.;5.12.2018;13:43;;;https://ria.ru/20181205/1543517440.html;Fake;https://theins.ru/antifake/130779;Церковь Украина;;; 35;Ще не вмерзла? Украинские города замерзают с ледяными батареями;Депутат Верховной рады Игорь Мосийчук в эфире телеканала 112 Украина обвинил Нафтогаз в том, что вместо обеспечения страны теплом руководство компании выводит свои многомиллионные премии за рубеж. Десять крупных городов остаются без отопления: школьников отправили на вынужденные каникулы, но они мерзнут и дома. Почему на Украине провалили подготовку к отопительному сезону и что будет дальше — в материале РИА Новости. По словам Мосийчука, среди замерзающих городов — Северодонецк, Смела и Кривой Рог. Уже сейчас в некоторых из них ночью температура воздуха падает ниже нуля, а днем идет снег. В Смеле (Черкасская область) власти готовы объявить чрезвычайное положение. Причина, по которой 68 тысяч жителей города остались без отопления, проста и типична для современной Украины: компания Энергоинвест (местный оператор ЖКУ) задолжала Нафтогазу свыше двухсот миллионов гривен, и газовый монополист прекратил поставки топлива. Впрочем, топ-менеджеры украинского газового монополиста явно не страдают от нехватки финансов. По сообщениям местных СМИ, директор по развитию бизнеса Юрий Витренко вывел из страны 4,5 миллиона евро, а глава компании Андрей Коболев — 6,3 миллиона евро. При этом отмечается, что Коболев еще в сентябре выписал себе премию в 207 миллионов гривен, обменял их на валюту (около 7,5 миллиона долларов) и отправил матери в США. Но еще интереснее основание, по которому руководство компании выписало себе поощрение на общую сумму 20,7 миллиона долларов. Это иск против Газпрома, якобы удовлетворенный Стокгольмским арбитражем. ;13.11.2018;8:00;;;https://ria.ru/20181113/1532609886.html;Fake;https://theins.ru/antifake/127266;Украина;;; 36;В Брюсселе откроется представительство Крыма;Со следующего года в Европе появится представительство Крыма, рабочая группа по открытию организации в Брюсселе уже создана. Как рассказал «Известиям» сопредседатель V Ялтинского международного экономического форума Андрей Назаров, в будущем представительство внесут в официальный реестр лоббистских групп в структурах ЕС. «Представительство будет открыто в первой половине 2019 года в Брюсселе. <…> Организация будет иметь официальный лоббистский статус на территории ЕС. Это позволит на законных основаниях продвигать интересы Крыма в Евросоюзе», — сказал Назаров. По словам бельгийского депутата Филипа Девинтера, представительство поспособствует «в организации культурных проектов», преодолению «негативной повестки вокруг региона», а также позволит «европейским бизнесменам в реализации бизнес-проектов на полуострове». Как пояснил «Известиям» почетный австрийский сенатор Герхард Дорфлер, регистрация в едином «реестре прозрачности ЕС» позволит представительству «более активно вести работу на территории Евросоюза и дает определенные преимущества».;13.11.2018;0:30;;;https://iz.ru/811507/2018-11-13/v-briussele-otkroetsia-predstavitelstvo-kryma;Fake;;Крым;;; 37;Володин назвал частичную декриминализацию статьи 282 УК примером для других стран;Принятие Госдумой президентского пакета законопроектов по частичной декриминализации 282 статьи Уголовного кодекса РФ (Возбуждение ненависти либо вражды, а равно унижение человеческого достоинства), устанавливающей ответственность за экстремизм, является примером для зарубежных коллег. Такое мнение в четверг высказал журналистам спикер нижней палаты парламента Вячеслав Володин.  Он назвал законодательство в этой сфере достаточно молодым. По его словам, оно совершенствуется, исходя в том числе из его правоприменительной практики. Принятие этих поправок - пример для наших зарубежных коллег, у которых действуют более жесткие санкции за неосторожные публикации в социальных сетях, - заявил Володин.  Он напомнил, что Госдума приняла в I чтении пакет из двух законопроектов президента, которые направлены на гуманизацию уголовного законодательства. По словам Володина, инициатива Владимира Путина позволит исключить случаи, когда человек получает реальный уголовный срок за публикацию в интернете. В случае, если это произошло в первый раз, в качестве наказания выпишут штраф, подчеркнул спикер.  Володин также напомнил, что вокруг этой нормы уголовного законодательства возникла дискуссия, многие высказывали разные инициативы. Глава государства, по его словам, предложил вариант решения вопроса, который нашел поддержку у всех политических фракций Госдумы.;15.11.2018;13:40;;;https://tass.ru/obschestvo/5796368;Fake;https://theins.ru/antifake/127759;Политика;;; 38;Делегация Бундестага в следующем году посетит Крым;Делегация Бундестага Германии посетит в следующем году Крым, сообщил немецкий политик, глава фракции партии Левые в парламенте Квакенбрюка Андреас Маурер на встрече с российским сенатором от Севастополя Ольгой Тимофеевой. Андреас Маурер рассказал, что делегация Бундестага планирует посетить Крым в будущем году, — говорится в сообщении пресс-службы Совета Федерации. Как подчеркнул Маурер, у представителей Бундестага будет возможность лично убедиться в происходящих на полуострове изменениях и составить объективную картину. Как отметил немецкий политик, в западных СМИ с позицией неприятия крымского референдума и выборов в ЛНР и ДНР зачастую выступают политики, которые ни разу не были ни в Крыму, ни на Донбассе и не знают реальной ситуации. Кроме того, политики и СМИ, настроенные против России, дезинформируют своих граждан в отношении официальных международных соглашений. Например, говорится, что выборы на Донбассе противоречат минским соглашениям, но на вопрос, в чем именно состоит это противоречие, они теряются и не могут ответить. Или отвечают, что согласно этому документу Крым должен быть возвращен Украине. Многие просто не читали текст минских соглашений. В этом документе нет ни слова о Крыме, — заявил Маурер;27.11.2018;13:36;;;https://ria.ru/20181127/1533605787.html;Fake;https://theins.ru/antifake/129786;Крым;;; 39;На Украине радикалы осаждают торговые центры;Нынешний президент Украины знает секрет самого прибыльного бизнеса. У предыдущего тоже все было неплохо. Золотые батоны и другие чудеса – все видели. Но надо отдать должное — нынешний превратил эти самые батоны предшественника в чугунную гирю, которую в “Золотом теленке” пилили концессионеры.  Вот, например. Есть у Петра Алексеевича банк. Точнее, был. “Мрия” назывался. Он его продал нашему банку ВТБ. За $70 миллионов. Теперь его забрали назад. В рамках борьбы с российской угрозой. Опять можно продавать. Потом отнимать. Потом опять, и так до конца президентского срока. Сколько успеешь. И это всего один банк. А сколько еще всего? Какие бизнес-перспективы открываются, а?»;27.11.2018;21:20;;;https://www.1tv.ru/news/2018-11-27/356370-na_ukraine_radikaly_osazhdayut_torgovye_tsentry;Fake;https://theins.ru/antifake/129803;Украина;;; 40;Как и зачем Петр Порошенко форсирует события с предоставлением раскольнической церкви автокефалии;«Президент Порошенко торопится получить долгожданный Томос, чтобы использовать его в своих политических целях. Причем торопится настолько, что выдает желаемое за действительное.  О том, с каким нетерпением украинский президент ждал завершения синода Константинопольского патриархата, можно судить хотя бы по той скорости, с которой он собрал в Киеве брифинг для журналистов. Иерархи еще даже не успели покинуть резиденцию в Стамбуле, а Петр Порошенко уже вещал перед телекамерами об очередной «перемоге», то есть победе.  «Принято историческое решение о создании автокефальной Украинской православной церкви. Утвержден текст Томоса о предоставлении независимости Украинской церкви. Также принято решение о созыве объединительного собора. Дату его проведения вскоре объявит Вселенский патриарх Варфоломей», – заявил Порошенко.  Тут, конечно, президент Украины явно, как говорится, бежал впереди паровоза. Если в Константинополе услышали эти слова, то, как минимум, должны были удивиться тому, что, оказывается, они уже утвердили текст Томоса. А ведь этот вопрос в повестке синода даже не значился. Правда лишь в том, что иерархи действительно писали текст, но совсем другого содержания. И об этом четко сказано в коммюнике по итогам заседания.  «В рамках ранее принятого решения Вселенского патриархата предоставить автокефалию церкви Украины и в ожидании издания патриаршего и синодального Томоса, Святейший и Священный Синод составил конституционный устав церкви», – говорится в документе.  Устав, предложенный Константинополем, это еще не Томос, а всего лишь документ, который может лечь в основу новой церкви. И этот устав еще предстоит обсудить, доработать и утвердить на объединительном соборе, выбрать предстоятеля и только после можно начинать говорить об автокефалии. Но то ли Порошенко не видел текста коммюнике, то ли не понял смысла слов: «в ожидании выдачи Томоса», но эмоциональный накал его речи вскоре достиг своего пика».   ;30.11.2018;9:20;;;https://www.1tv.ru/news/2018-11-30/356519-kak_i_zachem_petr_poroshenko_forsiruet_sobytiya_s_predostavleniem_raskolnicheskoy_tserkvi_avtokefalii;Fake;https://theins.ru/antifake/130196;Украина;;; 41;Европарламенту предложили рассмотреть поправку о снятии санкций с России;. Европарламенту предложили отменить антироссийские санкции. Он отметил, что санкции не достигают ничего, кроме экономического кризиса, который затрагивает экспортеров. ЕП считает, что в общих интересах ЕС и России укреплять отношения, соответствующие международному праву, — говорится в поправке. В свою очередь, депутат от Нидерландов Йоханнес Корнелис ван Баален в своей поправке, напротив, предложил продлевать антироссийские санкции, пока Москва не выполнит Минские соглашения. Отношения России и западных стран ухудшились из-за ситуации на Украине и вокруг Крыма. Запад ввел санкции, на что Москва ответила продэмбарго, взяв курс на импортозамещение. Российские власти не раз заявляли, что разговаривать на языке санкций контрпродуктивно. Кроме того, Москва утверждает, что не является стороной конфликта на Украине и субъектом Минских соглашений по урегулированию. В последнее время в Евросоюзе все чаще звучат мнения о необходимости отмены антироссийских санкций.;7.11.2018;12:30;;;https://ria.ru/20181107/1532268887.html;Half-Fake;https://theins.ru/antifake/126194;Политика Санкции;;; 42;Финская церковь опровергла слова Порошенко о ее позиции об автокефалии;Финляндская православная церковь (ФПЦ) не делала официальных заявлений об автокефалии на Украине, сообщил РИА  Новости представитель церкви диакон Владимир Сократилин.  «Официальная позиция: следим за развитием ситуации, молимся за сохранения мира и единства в Церкви», — сказал он и добавил, что прошедшая в Хельсинки встреча Порошенко и архиепископа Льва носила закрытый и неофициальный характер.  Накануне в Киеве сообщили, что предстоятель ФПЦ архиепископ Лев подтвердил Петру Порошенко, что поддерживает автокефалию неканонической церковной структуры на Украине. Однако ранее в Финляндской православной церкви заявляли, что надеются на нормализацию отношений всех сторон и готовы строить конструктивные отношения с Русской православной церковью».   ;8.11.2018;1:30;;;https://ria.ru/20181108/1532325575.html;;https://theins.ru/antifake/126522;Церковь  Украина;;; 43;Британские политологи раскрыли причины ненависти Запада к России;Запад ненавидит Россию, потому что она не делает то, что ей говорят. Об этом заявляют политологи Ти Джей Коулз и Мэттью Элфорд в своей книге Union Jackboot: What Your Media and Professors Don't Tell You About British Foreign Policy, отрывок из которой приводит издание CounterPunch. Коулз отмечает, что в Великобритании Россию считают врагом уже с начала XX века, а британские историки называют тот период первой холодной войной. В то время страны вели борьбу за стратегические ресурсы и торговые пути, а с приходом к власти большевиков Россия стала представлять еще и идеологическую угрозу. В частности, политолог приводит в пример британскую партию лейбористов, созданную в 1900 году, которую Уинстон Черчилль называл прикрытием для большевиков. Кроме того, Великобритания первой использовала химическое оружие на территории России, когда проводила операцию в поддержку Белой армии. При этом Черчилль открыто называл это оружие правильным лекарством. Но сегодня почему-то все говорят о том, как Москва угрожает Западу, скажем, своим Новичком, — недоумевает Коулз. После ухода с поста президента России Бориса Ельцина страна начала двигаться к экономическому национализму, рынки перестали быть свободными, американским корпорациям пришлось иметь дело с нововведенными пошлинами, отмечает эксперт. Вот что стало реальной угрозой, но общественности такого говорить нельзя — что Запад ненавидит Россию, потому что она не делает, что ей говорят. Реальная цель в отношении Москвы заключается в сохранении экономической гегемонии США и культуры свободного рынка, в то время как лично для себя Соединенные Штаты и дальше будут оставаться протекционистами. Кроме того, Коулз подвергает критике и военные действия Запада. По его словам, американские военные специалисты еще много лет назад говорили, что любые попытки НАТО влиять на Украину приведут к аннексии Крыма. И сейчас Москва не внезапно нападает на Киев, а демонстрирует свою реакцию на действия НАТО.;10.11.2018;1:30;;;https://ria.ru/20181110/1532509183.html?utm_source=yxnews&utm_medium=desktop;Fake;https://theins.ru/antifake/126913;Общество Великобритания;;; 44;Президент Австрии не собирается обсуждать с Путиным в Париже дело о шпионаже;Президент Австрии и верховный главнокомандующий австрийской армии Александер Ван дер Беллен не собирается обсуждать с президентом России Владимиром Путиным в Париже дело об австрийском отставном офицере, который подозревается Веной в шпионаже в пользу России.  Нет. Когда несколько десятков глав государств и президентов будут в Париже, у нас [с Путиным] не предполагается двусторонней встречи, - сказал Ван дер Беллен в эфире австрийской общественной радиостанции О-1, отвечая на вопрос, будет ли он обсуждать с президентом РФ дело о подозреваемом в шпионаже отставном австрийском полковнике.  Ван дер Беллен также призвал не драматизировать вопрос об отношениях с Россией.  Эту аферу [дело о подозрении в шпионаже] следует сначала расследовать. Посмотрим, есть ли в ней нечто большее, чем, так сказать, выдуманная история, тогда нужно будет принимать соответствующие меры, - ответил президент страны. - Сейчас надо расследовать: правда ли это, правильно ли обвинение, к какой информации был доступ у затронутого офицера - касается это национальных австрийских дел или это касается разных переговоров, например, с НАТО, - все это надо выяснить. В настоящий момент я не вижу поводов это драматизировать.  По его словам, было бы лучше, если бы предполагаемая деятельность отставного офицера была раскрыта австрийской разведкой, но для таких случаев как раз существует сотрудничество с партнерскими разведслужбами. Безусловно, было бы лучше, если бы мы сами смогли раскрыть это, при условии, что здесь есть что-то серьезное для раскрытия. Однако это соответствует сотрудничеству разведывательных служб, что мы получили такую информацию, - отметил президент Австрии, говоря о том, что сведения в Австрию о предполагаемом шпионе поступили из другой страны.  Верховный главнокомандующий вооруженными силами Австрии в целом доволен работой спецслужб страны: Службой военной контрразведки и Службой военной разведки. Упомянутые вами службы являются разведывательными службам в структуре министерства обороны. Я считаю, что они делают хорошую работу. Во время важных зарубежных визитов я регулярно контактирую с такими коллегами, и они предоставляют мне информацию, о которой я не могу узнать из газет, - рассказал Ван дер Беллен.  11 ноября в Париже будут проходить торжества по случаю 100-летия окончания Первой мировой войны. Кроме того, там откроется Парижский форум мира. В мероприятиях примут участие президент РФ Владимир Путин и президент Австрии Александер Ван дер Беллен.;10.11.2018;10:30;;;https://tass.ru/mezhdunarodnaya-panorama/5778349;Fake;https://theins.ru/antifake/126907;Политика;;; 45;В Сирии начали съемки для новой провокации с химоружием;«“Белые каски” приступили к постановочным съемкам для провокации с химоружием, в которых принимают участие некие люди, неизвестные местным жителям. Об этом рассказал руководитель российского Центра по примирению враждующих сторон в Сирии генерал-лейтенант Владимир Савченко.  По его словам, на линии разграничения в районе населенного пункта Мареа террористы намерены спровоцировать сирийских военных, чтобы те открыли ответный огонь. После этого на территории, подконтрольной незаконным бандформированиям, будет инсценирован артиллерийский обстрел снарядами с ядовитыми химикатами. Ответственность за это планируется возложить на подразделения вооруженных сил Арабской республики.  “После этого миру опять предъявят очередных жертв применения ‘химического оружия’ правительственными войсками”, — подчеркнул Савченко».;29.10.2018;23:30;;;https://ria.ru/20181029/1531731762.html;Half-Fake;https://theins.ru/antifake/124942;Сирия;;; 46;По данным Минобороны РФ, «Белые каски» готовят новую провокацию с использованием отравляющих веществ в Сирии;Как сообщили в российском Центре по примирению враждующих сторон, боевики планируют новые провокации в Идлибской зоне деэскалации. Информация о постановке с использованием отравляющих веществ поступила от жителей провинции Алеппо. В район уже прибыли пресловутые «Белые каски» и начали некие съемки, в которых участвуют люди, незнакомые местным жителям. А чуть ранее в три населенных пункта на закрытых грузовиках доставили емкости с отравляющими веществами, предположительно с хлором. «Боевики спровоцируют ответный огонь военнослужащих сирийской армии. Затем на территории, подконтрольной незаконным вооруженным формированиям, будет инсценирован артиллерийский обстрел снарядами с отравляющими веществами, якобы произведенный со стороны подразделений вооруженных сил Сирийской Арабской Республики. После этого миру опять предъявят очередных жертв применения «химического оружия» правительственными войсками», — было заявлено на брифинге Центра примирения враждующих сторон в Сирийской Арабской Республике 29 октября 2018 года. Тем временем агентство «Сана» сообщило: так называемая западная коалиция во главе с США нанесла удар с воздуха по городу Хаджин в провинции Дейр-эз-Зор, использовав боеприпасы с запрещенным белым фосфором. По данным сирийских СМИ, обстрел длился несколько часов. Сведений о погибших нет. Меньше месяца назад западная коалиция, которой руководят американцы, уже наносила удар по тому же городу и тоже фосфорными боеприпасами. Тогда Дамаск обратился в ООН с требованием провести тщательное расследование незаконных действий Соединенных Штатов в республике.;30.10.2018;9:20;;;https://www.1tv.ru/news/2018-10-30/354830-po_dannym_minoborony_rf_belye_kaski_gotovyat_novuyu_provokatsiyu_s_ispolzovaniem_otravlyayuschih_veschestv_v_sirii;Half-Fake;https://theins.ru/antifake/124942;Сирия;;; 47;14 российских университетов вошли в список лучших в мире вузов;«14 российских вузов вошли в рейтинг лучших университетов мира — Best Global Universities. Всего в него вошли 1250 высших учебных заведений более чем из 60 стран. Самую высокую среди наших университетов строчку занимает МГУ им. Ломоносова, чуть ниже расположился исследовательский ядерный институт МИФИ, далее — Новосибирский государственный университет. В список лучших вузы попадают исходя из 13 показателей; помимо очевидных, это «и мировая, и региональная репутация». Кстати, в рейтинге лидеров по Восточной Европе и Центральной Азии МГУ оказался на первом месте».;31.10.2018;7:20;;;https://www.vesti.ru/videos/show/vid/775132;Half-Fake;https://theins.ru/antifake/125145;Общество Образование;;; 48;В Великобритании набирает обороты борьба с российскими СМИ;«Медиарегулятор Офком собирается принять меры не только в отношении RT, но и против двух других наших телеканалов: РЕН ТВ и НТВ-МИР. Об этом со ссылкой на Би-би-си сообщает агентство ТАСС. О том, что Офком ведет расследование еще и в отношении этих каналов в ходе слушаний в парламенте заявила глава регулятора Шерон Уайт. По ее словам, в Офком поступили некие жалобы на наших коллег, якобы они не были беспристрастны. Впрочем, в чем именно заключаются претензии, чиновник не сообщила.  Что касается RT, по словам Уайт, сейчас идет расследование 10 случаев. Темы понятны — Сирия, Украина и дело Скрипалей. На канале все обвинения отвергают, а многие обычные телезрители в Великобритании уверены: нападки на RT связаны с тем, что его журналисты дают альтернативную точку зрения».;1.11.2018;12:08;;;https://www.1tv.ru/news/2018-11-01/354973-v_velikobritanii_nabiraet_oboroty_borba_s_rossiyskimi_smi;Half-Fake;https://theins.ru/antifake/125380;Общество Великобритания;;; 49;Это реальная угроза. Латвия захлебнулась в русофобских скандалах;Русскоязычным жителям Латвии снова прямым текстом указали на место. Спойлер: не почетное. Журналисты, политики, деятели культуры будто соревнуются друг с другом в русофобских высказываниях. Говорить можно все, ведь подобные выходки всегда остаются безнаказанными. Как в прибалтийской республике на государственном уровне фактически поощряется ненависть к русским, — в материале РИА Новости. rightПоследний инцидент такого рода связан с Марой Кронтале, 40 лет проработавшей диктором новостей на государственном Латвийском радио. Речь Кронтале считается в республике эталоном правильного латышского: в свое время именно она озвучивала объявления в общественном транспорте Риги. Бывшая радиоведущая слыла человеком интеллигентным. Поэтому многих неприятно поразил оставленный ею недавно в социальной сети твит. Кронтале призвала полностью очистить Латвию от этнических русских. При этом она сослалась на исторический пример, когда в 1939-1940 годах из прибалтийских стран репатриировали в Германию остзейских (балтийских) немцев. В общей сложности из Эстонии, Латвии и Литвы тогда уехали 75 тысяч человек. Мы освободились от балтийских немцев. Почему так же не можем освободиться и от русских? Понимаю, что сейчас меня съедят за расизм или нацизм, но все-таки?, — задалась вопросом Кронтале. При этом некоторые подписчики возмутились не самим призывом к этнической зачистке, а тем, что Кронтале приравняла русских к немцам. Немцы, в конце концов, были и являются культурным народом, которые не ведут себя, как вши. Но русские — паразиты, роящиеся там, где их меньше всего ждут, — прокомментировала запись некая L?gLberga.;2.11.2018;8:00;;;https://ria.ru/20181102/1531935971.html;Fake;https://theins.ru/antifake/125562;Общество;;; 50;Лавров рассказал об ущербе ЕС от антироссийских санкций; Евросоюз, согласно некоторым оценкам, потерял от санкций в отношении России больше 100 миллиардов евро, заявил глава МИД РФ Сергей Лавров. Цифры потерь государств Евросоюза от санкций называются различные. По некоторым оценкам, речь идет о сумме, значительно превышающей 100 миллиардов евро. Важно, чтобы это понимание пришло, наконец, к европейским политикам, — заявил Лавров в интервью испанской газете  El Pais. При этом, по его оценке, деловые круги в Европе близки к объективной оценке ситуации. Показателен в этом плане августовский доклад Восточного комитета германской экономики, в котором содержится призыв пересмотреть стратегию ЕС в отношении нашей страны, приступить к развитию полноформатного экономического сотрудничества, — отметил глава МИД РФ.;5.11.2018;22:00;;;https://ria.ru/20181105/1532161634.html;Fake;https://theins.ru/antifake/126020;Политика  Санкции;;; 51;Половину россиян, проживающих в Лондоне, заподозрили в сотрудничестве с российскими спецслужбами;Около половины из 150 тысяч россиян, проживающих в Лондоне, могут сотрудничать с российскими спецслужбами, говорится в докладе, подготовленном британским Обществом Генри Джексона. По оценкам экспертов, число профессиональных сотрудников российских спецслужб, работающих в Великобритании, с 2010 года увеличилось в пять раз, до 700 человек.  Согласно докладу, сбором секретных сведений занимается не меньше половины людей, числящихся в посольстве России. При этом разведка и контрразведка Великобритании в 52 раза меньше, чем российские органы.  Общество Генри Джексона, основанное в 2005 году при Кембриджском университете, занимается исследованием британской внешней политики. Организация названа в честь американского сенатора Генри Джексона, соавтора поправки Джексона-Веника, запрещавшей поставки некоторых видов советской продукции в США из-за нарушений прав человека в СССР.  В марте после отравления Сергея и Юлии Скрипалей Великобритания выслала из страны 23 российских дипломата.;6.11.2018;11:38;;;https://meduza.io/news/2018/11/06/polovinu-rossiyan-prozhivayuschih-v-londone-zapodozrili-v-sotrudnichestve-s-rossiyskimi-spetssluzhbami;Half-Fake;https://theins.ru/antifake/126068;Общество Великобритания;;; 52;США морально готовят себя к войне с Китаем;Высока вероятность того, что США будут в состоянии войны с Китаем через 15 лет. Об этом заявил генерал-лейтенант Бен Ходжес, бывший командующий сухопутными войсками США в Европе. Соединенным Штатам нужна очень прочная европейская опора. Я считаю, что через 15 лет, это не является неизбежным, но существует очень большая вероятность того, что США будут в состоянии войны с Китаем, — заявил генерал на Варшавском форуме по безопасности. Ранее сообщалось об интересных результатах опроса, согласно которому 46% американских военнослужащих считают возможной большую войну уже в следующем году, хотя еще год назад такую точку зрения высказывали лишь 5% опрошенных. Основных противников у американцев два – Россия и Китай, сообщает ТАСС.;25.10.2018;4:34;;;https://www.vesti.ru/doc.html?id=3075661#;Half-Fake;https://theins.ru/antifake/124108;США Полтика;;; 53;В США допустили начало войны с Китаем;Генерал-лейтенант армии США в отставке, бывший командующий сухопутными войсками в Европе Бен Ходжес заявил на Варшавском форуме по безопасности, что вероятность начала войны с Китаем в течение ближайших пятнадцати лет очень высока. Об этом сообщает Sputnik International. Экс-генерал призвал Европу уделять больше внимания собственной обороне, потому что США необходимо сосредоточиться на Тихоокеанском регионе и китайской угрозе. Соединенным Штатам нужна очень прочная европейская опора. Я считаю, что через 15 лет это не явится неизбежным, но существует очень большая вероятность, что США будут в состоянии войны с Китаем, — заявил Ходжес.  Он также добавил, что, несмотря на смещение геополитических приоритетов, приверженность США Североатлантическому альянсу остается непоколебимой.  Ранее опрос Military Times показал, что почти половина американских военнослужащих считает, что их страна вскоре будет вовлечена в полномасштабную войну.;25.10.2018;10:19;;;https://ria.ru/20181025/1531435324.html;Half-Fake;https://theins.ru/antifake/124108;США Политика;;; 54;В Раде раскритиковали заявление Хуга об отсутствии российских ВС в Донбасс;«Первый вице-спикер Верховной рады Украины Ирина Геращенко назвала “ущербным и неудачным” заявление замглавы миссии ОБСЕ Александра Хуга о том, что наблюдатели организации не обнаружили в Донбассе доказательств российского присутствия.  Ранее Хуг в интервью журналу Foreign Policy отметил, что ОБСЕ не увидела прямых доказательств российского присутствия на востоке Украины. Позже журнал удалил это высказывание. В издании сообщили, что “оно не передавало ту точку зрения, которую он хотел обозначить”. Хуг также говорил, что члены миссии видели на востоке Украины людей в куртках с опознавательными знаками Российской Федерации, добавив при этом, что “такие куртки можно купить везде”».;26.10.2018;12:30;;;https://ria.ru/20181026/1531539504.html;Fake;https://theins.ru/antifake/124291;Украина;;; 55;Советник главы МВД Украины призвала взрывать военные склады в России;Советник министра внутренних дел Украины Татьяна Черновол выступила с призывом взрывать российские военные склады. Она напомнила, что в последнее время участились случаи взрывов в украинских хранилищах боеприпасов и попыталась связать происходящее с Россией. Знаете, такие же склады есть на оккупированной территории, которые стреляют в нас, такие же есть на границе с Украиной с российской стороны, те, что стреляют в нас, — заявила Черновол в эфире программы Эхо Украины на телеканале Прямой.  При этом чиновница пожаловалась, что не произошло никакого ответа на диверсии на украинских складах. Коррупция и подстрекательство Первый зампред думского комитета по обороне Александр Шерин назвал ситуацию с регулярно загорающимися военными складами на Украине нечистым делом и предположил, что это происходит из-за коррупции. Если какая-то беда произошла, то, как в мире теперь заведено, вали все на Россию. Потом и яркое заявление украинским политикам можно сделать, и деньги списать на ликвидацию последствий. Уникальный метод получается, — сказал парламентарий RT. По словам Шерина, высказывание Черновол содержит подстрекательство к конкретным действиям.  Я считаю, что это требует тщательного расследования со стороны наших следственных органов, — отметил депутат, напомнив, что заявление Черновол соответствует призывам некоторых украинских политиков взорвать Крымский мост. Череда пожаров За последнее время на Украине случилось несколько крупных возгораний на складах, после которых Киев бездоказательно выдвигал обвинения в адрес России.  Последним таким ЧП стал пожар, произошедший 9 октября на военном складе возле Ични в Черниговской области. Кроме того, в мае случился взрыв в хранилище боеприпасов недалеко от села Старая Николаевка в Донецкой области.;28.10.2018;13:37;;;https://ria.ru/20181028/1531632112.html?utm_source=yxnews&utm_medium=desktop;Half-Fake;https://theins.ru/antifake/124512;Украина;;; 56;Заседание дискуссионного клуба «Валдай»;«Сейчас мы видим, что происходит на левом берегу Евфрата. Наверное, коллеги знают: эта территория находится под патронатом наших американских партнеров. Они опираются на курдские вооруженные формирования.  Но они явно недоработали, в нескольких населенных пунктах остались представители ИГИЛ, и они начали в последнее время расширять зону своего присутствия: захватили 130 семей, это почти 700 человек, в заложники.  Наверное, мало кто знает из сидящих в зале, они выдвинули ультиматумы, определенные требования и предупредили, что если эти ультиматумы не будут исполняться, то они будут каждый день расстреливать по 10 человек. Позавчера расстреляли 10 человек, казнили. Они начали исполнять свои угрозы».;18.10.2018;17:40;;;http://kremlin.ru/events/president/news/58848;Fake;https://theins.ru/antifake/123168;Сирия;;; 57;Встреча с мэром Москвы Сергеем Собяниным;С.Собянин: Владимир Владимирович, мы с Севастополем города-побратимы, и во все времена, даже когда Севастополь не был в составе России, всегда помогали. В.Путин: Юридически он всегда был в составе России. С.Собянин: Да, всегда. Мы рассматривали его как действительно город-побратим. В.Путин: Очень хорошо. Я сказал, что Севастополь юридически всегда был в составе России. Он был городом центрального подчинения и даже при передаче – незаконной передаче – Крыма из состава РСФСР в состав Украинской ССР. Незаконной, потому что решение было принято Президиумом Верховного Совета РСФСР, Украины, а затем утверждено Президиумом Верховного Совета СССР. А по закону нужно было утверждать Верховными Советами республик и Верховным Советом СССР. Но даже при этом незаконном, по сути, процессе про Севастополь просто забыли, и он не передавался из состава РСФСР в состав Украины. Так что формально и юридически он всегда был в составе России. С.Собянин: Мы ощущали это.;22.10.2018;17:00;;;http://kremlin.ru/events/president/news/58872;Fake;https://theins.ru/antifake/123537;Крым;;; 58;Вместо автокефалии Киев получил ставропигию;15 октября в Минске Священный Синод Русской православной церкви решил разорвать все отношения с Константинопольским патриархатом. Это означает, что отныне наши священники не смогут служить совместно с представителями Константинополя, их патриарх Варфоломей не упоминается в молитвах за здравие, а миряне из паствы Русской православной церкви не причащаются, не исповедуются, не венчаются и не отпеваются в храмах Константинополя, не проходят там обряд крещения.  Причина столь сурового решения, как говорится в решении Синода, — антиканоническое посягательство на чужие церковные уделы, а если по-простому, то вторжение со своим уставом Константинополя на Украину и признание раскольнической Церкви там. Трагедия.  Больше других радуются в Америке, да оно и понятно. За всем этим торчат уши США. Госсекретарь США лицемерно призвал к прогрессу на Украине, как он выразился в духе религиозной свободы. Интересно, что Киевская метрополия оказалась на канонической территории Московского патриархата почти за сто лет до появления как таковых Соединенных Штатов.  Что касается Константинопольского патриархата, что сейчас в турецком Стамбуле, то веками российские императоры были крупнейшими жертвователями Вселенского Престола, фактически содержа его. Да и в нынешнее время меценаты современной России лишь на благо реконструкции Свято-Пантелеимонова монастыря на Афоне принесли в дар, как считается, сотни миллионов долларов, на что и сам монастырь, и инфраструктура вокруг него были основательно реконструированы. Монастырь — в прямой канонической юрисдикции Константинопольского патриархата.  Но, разумеется, главная боль — судьба православных на Украине, ведь это десятки миллионов людей. Для них година раскола — труднейшее испытание.;21.10.2018;;;;http://vesti7.ru/article/1079604/episode/21-10-2018/;Fake;https://theins.ru/antifake/123585;Церковь Украина;;; 59;Правительство Британии не нашло доказательств того, что Россия вмешивалась в демократические процессы королевства;Это особо подчеркивается в официальном ответе кабмина на доклад парламентской комиссии, часть которого посвящена так называемой угрозе российского влияния на английскую внутреннюю политику. В отчете под названием «Фейковые новости» депутаты более чем в полусотни пунктах расписали рекомендации властям, как, по их мнению, следует бороться с «информационной агрессией Москвы». Например, предлагали ввести налог на интернет-компании, чтобы на собранные деньги искать в Сети фейковые новости. Но, как следует из ответа кабмина, депутатские инициативы в правительстве поддержки не нашли.;23.10.2018;9:02;;;https://www.1tv.ru/news/2018-10-23/354459-pravitelstvo_britanii_ne_nashlo_dokazatelstv_togo_chto_rossiya_vmeshivalas_v_demokraticheskie_protsessy_korolevstva;Fake;https://theins.ru/antifake/123670;Политика Великобритания;;; 60;В Алитусском районе Литвы снесли памятник советскому воину-освободителю;«В Алитусском районе Литвы снесли памятник советскому воину-освободителю. Монумент — огромный валун, на котором высечено лицо бойца Красной армии — был установлен более 30 лет назад на месте одного из первых танковых сражений Великой Отечественной. Мемориал не раз оскверняли местные националисты, и вот теперь власти решили окончательно его демонтировать в рамках так называемой политики декоммунизации. Без бульдозера не обошлось».;11.10.2018;9:11;;;https://www.1tv.ru/news/2018-10-11/353811-v_alitusskom_rayone_litvy_snesli_pamyatnik_sovetskomu_voinu_osvoboditelyu;Fake;https://theins.ru/antifake/121633;Политика;;; 61;Попытка примирения или провокация: в Москве изучают письмо Филарета;Престарелый Константинопольский патриарх почему-то объявил Украину своей канонической территорией, а всем раскольникам простил их грехи и предоставил автокефалию. При этом такое решение Варфоломей не имеет права принимать лично, а только с согласия всех 15 православных сестринских церквей;1.12.2017;;;;https://www.ntv.ru/novosti/1957340/;Fake;https://theins.ru/antifake/121633;Украина;;; 62;Молдавия захвачена олигархами – решили в Европарламенте;«„Чемпион Восточного партнерства“, как еще недавно именовали Молдавию, фактически утратил признаки государственного устройства. Страна находится в руках узкой группы людей, реализующих свою власть на абсолютно неприемлемых принципах. К такому выводу пришли депутаты Европарламента и постановили полностью прекратить оказание Молдавии какой-либо помощи до восстановления там демократических принципов и правового государства в целом. Вся экономическая и политическая власть в Молдавии оказалась в руках кучки олигархов, действующих в своих собственных интересах, утверждают в Европарламенте. Если обратиться непосредственно к тексту резолюции, одобренной 31 депутатом при 17 воздержавшихся и пяти голосах против, то становится ясно, что президент республики Игорь Додон, пожалуй, единственное лицо, не подвергшееся критике. „Молдавия захвачена небольшой группой олигархов, сконцентрировавших в своих руках политическую и экономическую власть. Они оказывают влияние на парламент, правительство, политические партии, государственную администрацию, полицию, судебную систему и средства массовой информации“, — говорится в документе. Фактически это может означать, что институт государственной власти в Молдавии разрушен».;11.10.2018;;;;https://www.vesti.ru/doc.html?id=3070723;Fake; https://theins.ru/antifake/121867;Политика;;; 63;Иностранные инвесторы сохраняют интерес к России;47 миллиардов рублей готовы уже скоро вложить в проекты на территории России десятки крупнейших зарубежных компаний и банков. Их руководители входят в Консультативный совет по иностранным инвестициям, заседание которого сегодня провел Дмитрий Медведев. То, что ситуация в экономике улучшается, подтверждает сам бизнес. Дмитрий Медведев Кто-то в силу известных причин ушел с нашего рынка, следуя политической конъюнктуре. Но другие, наоборот, стали охотнее идти на локализацию производства. Зовут в Россию своих традиционных поставщиков из других стран, налаживают связи с местным бизнесом. И это позитивно сказывается на стоимости продукции.;15.10.2018;21:18;;;https://www.1tv.ru/news/2018-10-15/354037-inostrannye_investory_sohranyayut_interes_k_rossii;Fake;https://theins.ru/antifake/122436;Россия;;; 64;МВД Великобритании: Россия не причастна к отравлению в Эймсбери;По предварительным данным полиции Великобритании, Россия не причастна к инциденту в Эймсбери, где два человека отравились нервно-паралитическим веществом Новичок. Россия не причастна к инциденту в британском Эймсбери, об этом сообщили в полиции Великобритании, передает Интерфакс. По предварительным данным следствия, о которых сообщают британские СМИ, пара могла вступить в контакт со смертоносной субстанцией в той части Солсбери, которая не была обеззаражена после атаки на Сергея и Юлию Скрипаль. Или пострадавшие могли обнаружить контейнер или шприц, использованный при отравлении Скрипалей. В свою очередь посольство России в Нидерландах сообщило, предположения о причастности к применению нервно-паралитического вещества Новичок в британском городе Эймсбери – это глупости. Как глупо думать, что Россия вновь применила так называемый Новичок в разгар чемпионата мира и после спецсессии конференции государств-участников ОЗХО, - подчеркнули в дипмиссии. Ранее стало известно, что полиция Британии заявила об отравлении двух человек в Эймсбери тем же нервно-паралитическим веществом Новичок, что и экс-сотрудник ГРУ Сергей Скрипаль и его дочь Юлия в Солсбери. Пострадавшие в Эймсбери - 45-летний мужчина и 44-летняя женщина - госпитализированы, их состояние оценивается как критическое. Скотленд-Ярд взял на себя руководство расследованием инцидента.;05.07.2018;;;;http://www.tvc.ru/news/show/id/140966/;Fake;https://theins.ru/antifake/108824;Политика;;; 65;50 тысяч британцев остались без работы;За последние шесть месяцев крупнейшие предприятия Великобритании сократили 50 тыс. рабочих мест. Причины - высокая конкуренция между офлайн-магазинами и торговлей в интернете, инфляция, вызванная Брекзитом, и замедление роста заработной платы. Наиболее массовые сокращения идут в секторе розничной торговли. Причем большинство тех, кто лишился работы, были сотрудниками крупных сетей. Только за последние несколько недель Hous of Fraser поставил под угрозу более 6 тыс. рабочих мест, планируя закрыть десятки магазинов, чтобы выжить. Poundworld сокращает 5 100 человек.  В начале года рухнули сети Toys R Us и Maplin. Работы лишились в общей сложности больше 4,5 тыс. человек. Закрыли свои рестораны Prezzo, Byron и Jamie's Italian.  Серьезные проблемы розница испытывает из-за серьезной конкуренции с онлайн-магазинами. Но главное - из-за роста инфляции и снижения темпа роста заработной платы британцы начали активно экономить.  Розничная торговля зависит от того, есть ли у клиентов в карманах. Одна из причин, почему некоторые магазины в бедственном положении, - это потому, что рост заработной платы был очень слабым, - заявила генеральный секретарь TUC (Британский конгресс тред-юнионов) Фрэнсис О'Грейди. Она призвала правительство активизировать свою игру, чтобы остановить волну. По словам О`Грейди, власти должны стимулировать экономику и инвестировать в хорошую работу, которая позволит людям жить;02.07.2018;;;;https://www.vestifinance.ru/articles/103344;Fake;https://theins.ru/antifake/108480;Политика;;; 66;Запад хочет превратить ОЗХО в подобие прокуратуры: на конференции в Гааге провели процедурные хитрости;Решение, которое ставит под угрозу всю систему международной безопасности. В Гааге на специальной конференции стран-участниц Конвенции по запрещению химоружия Лондон воспользовался сложной схемой голосования и продавил изменения мандата ОЗХО. Теперь эксперты комиссии станут не беспристрастными оценщиками событий и фактов, а обвинителями. А методы, которыми пользуются американцы и британцы, зачастую можно назвать почти криминальными. Вот, например, Джон Болтон, который вел 27 июня переговоры в Москве, некоторое время назад не гнушался прямыми угрозами неугодным Вашингтону людям из Организации по запрещению химоружия, причем не последним людям. Сегодня в Гааге поддержали не расширение полномочий ОЗХО, а за фактический слом нынешней системы международной безопасности. Во всяком случае так расценивают произошедшее в российской делегации. И уже сравнивают ОЗХО ни много ни мало с «Титаником». «Получена серьезная пробоина. Как мы понимаем, в дальнейшем судно начинает тонуть, и я полагаю, этот процесс уже начался. И единственное, что можно в ближайшее время сделать, это многим странам одуматься», — сказал глава российской делегации Георгий Каламанов. Всю историю существования Организации по запрещению химического оружия ее эксперты отвечали лишь на один вопрос: что произошло? Задача — беспристрастная фиксация нарушений. Теперь придется выступать еще и обвинителями. «Мы рассматриваем эту цель как посягательство на исключительные прерогативы Совбеза ООН, нет ни одного международного органа, кроме Совета Безопасности ООН, чтобы решать вопросы войны и мира, установления санкций, решения вопроса об ответственности», — подчеркнул постоянный представитель России при ОЗХО Александр Шульгин. То, что произошло, по сути, раскол. Россию поддержали гиганты Китай, Индия, ЮАР, Иран. Британию — союзники по НАТО, в первую очередь США. Впрочем, российская делегация заметила активное голосование маленьких тропических островных государств. «Злые языки поговаривают, что их западные спонсоры, не буду называть страны, они и так всем понятны, проплатили расходы этим организациям, фактически организовали туристическую поездку в Гаагу для того, чтобы они обеспечили нужный результат», — сообщил Александр Шульгин. Журналисты сами стали свидетелями, как мучительно в течение более чем трех часов делегации России, Сирии и Ирана пытались выяснить, кто вообще в зале имеет, а кто не имеет право голоса. Как выяснилось, там есть представители стран, не заплативших взносы, и неспособные влиять на решение, но присутствующие фактически для его легитимизации. «Они присутствуют здесь условно, имеют на это право и они часть кворума, но голосовать они не могут», — сказал генеральный директор ОЗХО Ахмет Узюмджю. «К сожалению, наши западные партнеры играли явно не по правилам. Оказывали беспрецедентное давление на другие страны. Буквально табунами ходили по министерствам иностранных дел различных государств, прессинговали, давили. Нам даже известны случаи открытого шантажа наших ближайших союзников», — сказал Александр Шульгин. О том, как порой могут работать американцы с ОЗХО, действительно широко известно. Пример — неожиданное снятие с должности первого председателя Организации Жозе Бустани по предложению США. Произошло это в 2002 году. Бустани не устраивал Вашингтон перед нападением на Ирак. Он сам вспоминает угрозы своей семье со стороны американского представителя, ныне советника Трампа Джона Болтона: «У вас есть 24 часа на то, чтобы покинуть Организацию. Мы знаем, где живут ваши дети, у вас два сына в Нью-Йорке». И тем не менее решение сегодня принято. Оно не означает, что с завтрашнего дня ОЗХО начинает работать иначе. Лишь в ноябре должен начаться длительный период трансформации. Уже при новом директоре. Нынешний уходит на заслуженный отдых.;27/06/2018,;;;;https://www.1tv.ru/news/2018-06-27/347772-zapad_hochet_prevratit_ozho_v_podobie_prokuratury_na_konferentsii_v_gaage_proveli_protsedurnye_hitrosti;Fake;https://theins.ru/antifake/108141;Политика;;; 67;CМИ: информатор WADA Григорий Родченков пытался покончить жизнь самоубийством;Американские спецслужбы тщательно скрывают информацию о суициде экс-директора московской антидопинговой лаборатории, который сейчас находится в психоневрологической клинике, сообщили СМИ. Экс-глава московской антидопинговой лаборатории и информатор Всемирного антидопингового агентства (WADA) Григорий Родченков пытался покончить жизнь самоубийством. Об этом сообщается в телеграм-канале RT со ссылкой на вице-президента российского подразделения Международного комитета защиты прав человека Александра Ионова. Информация получена от моих коллег из США по линии комитета, — рассказал Ионов, подчеркнув, что детали тщательно скрываются американскими спецслужбами. По имеющимся данным, инцидент произошел 19 июня в квартире Родченкова в Вашингтоне, которую для него арендует ФБР. Бывшего директора московской антидопинговой лаборатории обнаружили сотрудники ведомства, которые вызвали службу спасения 911, после чего он был госпитализирован в психоневрологическую клинику. По мнению Ионова, Родченков сейчас испытывает сильное внутреннее напряжение и устал от прессинга американского правосудия и американских спецслужб, заставляющих свидетельствовать против России. Видимо, у него сдали нервы после таких серьезных обвинений и всего того шума, который был поднят вокруг его персоны, — заключил он. В 2016 году Родченков на страницах New York Times рассказал о допинговых нарушениях российских спортсменов на Олимпийских играх в Сочи. Это привело к расследованию со стороны WADA и Международного олимпийского комитета. В итоге МОК признал 43 российских спортсмена виновными в нарушении антидопинговых правил, аннулировал их результаты с Олимпиады-2014 и пожизненно отстранил от участия в Играх. Впоследствии Спортивный арбитражный суд полностью удовлетворил апелляции 28 россиян. Апелляции еще 11 атлетов были удовлетворены частично. Российские власти неоднократно опровергали утверждения Родченкова.;27.06.2018;;;;https://rsport.ria.ru/20180627/1138612993.html;Fake;https://theins.ru/antifake/108017;США;;; 68;Интервью Дмитрия Медведева телеканалу «Евроньюс»;«От того, что американцы объявляют санкции в отношении нашей страны, американский бизнес не очень сильно страдает. Именно потому, что у нас небольшой объем торгового оборота. Но европейский бизнес страдает очень сильно, потому что у нас огромный объем торгового оборота. Торговый оборот с Соединенными Штатами Америки приблизительно сейчас — это плохой период — около $20 млрд. Это ничто. Торговый оборот с Европейским союзом гораздо выше. 45% нашего торгового оборота приходится на Европейский союз. Это сотни млрд евро. Я просто приведу один пример. После объявления санкций наш торговый оборот с Европейским союзом снизился приблизительно чуть ли не наполовину. Он был €430 млрд, а в какой-то момент упал до 220–230. Возникает вопрос: что на этом потеряла Европа? А потеряла она рабочие места. Потеряла прибыль. Потеряла уверенность в развитии даже небольших регионов, которые так или иначе были завязаны на торговлю с нашей страной. Поэтому санкции – плохой путь. Собственно, об этом мы все время говорим. Но не мы их начинали и не нам их заканчивать».;18.10.2018;13:30;;;http://government.ru/news/34370/;Fake;https://theins.ru/antifake/122903;США;;; 69;Дочку учили лесбиянству. Почему российские немцы возвращаются из Германии;Страна идеальных дорог и вкусного пива — жизнь в Германии кажется упорядоченной и обеспеченной. После падения железного занавеса сотни тысяч этнических немцев решились на переезд из постсоветских республик на родину предков. В последние годы, однако, наметилась обратная тенденция — немцы возвращаются в Россию. Переселенцы рассказали РИА Новости о причинах неприятия германских порядков. ;25.06.2018;;;;https://ria.ru/20180625/1523202040.html;Half-Fake;https://theins.ru/antifake/107901;Политика;;; 70;Идеальный выбор: СМИ объяснили, почему Су-57 несравним с F-35;Военно-исторический журнал Military Watch проанализировал возможности российского Су-57 и F-35 американского производства и сравнил боевые характеристики самолетов. Истребители существенно отличаются друг от друга, отмечает издание. Разработка Lockheed Martin — легкий самолет с довольно низкой маневренностью. Российский Су-57 представляет собой тяжелый истребитель, предназначенный для завоевания превосходства в воздухе. При этом Су-57 намного более приспособлен к ведению воздушного боя, нежели его американский соперник, указывает автор статьи. Это отражается в его (Су-57. — Прим. ред.) скорости, высоте полета, датчиках, оснащении ракетами, дальности поражения и маневренности — во всех характеристиках, где более тяжелый российский истребитель обладает превосходством, — говорится в материале. Автор статьи напоминает, что американский сенат отказался от поставок Турции истребителей F-35 из-за ее намерения приобрести российский зенитно-ракетный комплекс С-400. Анкара при этом заявила о возможности закупки у Москвы Су-57 вместо американских истребителей.  Как пишет Military Watch, если турецкая сторона все же обзаведется Су-57, это приобретение сделает воздушный флот страны значительно более опасным, нежели покупка американских F-35. По мнению автора, больше всего турецкие ВВС нуждаются в улучшении показателей превосходства в воздухе, а потому Су-57 стал бы идеальным вариантом для Анкары. Ударные возможности тяжелого истребителя в сочетании с высокой живучестью могли бы сделать его крайне ценным для работы на Ближнем Востоке, — отмечает Military Watch.;20.06.2018;;;;https://ria.ru/20180620/1523100661.html;Fake;https://theins.ru/antifake/107509;Политика;;; 71;Минобороны предъявило доказательства инсценировки химатаки в Сирии;В российском военном ведомстве изучили пробы с места событий, проанализировали видеоматериалы и характеристики оставшейся после взрыва воронки. Выводы позволяют говорить о провокации. КУБИНКА (Московская обл.), 22 июн — РИА Новости. Провокаторы умышленно внесли зарин в пробы, чтобы обвинить сирийские правительственные силы в атаке на Хан-Шейхун год назад, заявил начальник войск радиационной, химической и биологической защиты Вооруженных сил России Игорь Кириллов. Наряду с хлорорганическими соединениями в некоторых пробах нашли продукт разложения зарина. Но авторы доклада о применении химоружия не связывают это с использованием зарина, а объясняют это тем, что в помещении проводилась дегазация водой пострадавших в инциденте. Доказательством того, что это была провокация, служат и характеристики воронки, оставшейся после взрыва. Она (воронка. — Прим. ред.) была сформирована в результате подрыва размещенного на земле взрывного устройства небольшой мощности, а не сброшенной с самолета авиабомбы. Обращаю ваше внимание, что до завершения расследования воронка была поспешно зацементирована, — сказал представитель военного ведомства. Кириллов отметил, что особое недоумение вызывают видеоматериалы и кадры, на которых изображены люди без специальных средств защиты органов дыхания и кожи, сделанные в первые часы после химинцидента. Это указывает на отсутствие зарина в воронке, так как при разрыве химического боеприпаса внутри и вблизи воронки создается смертельная концентрация и находящиеся рядом люди не смогли бы избежать мгновенного поражения, так же как и те, кто оказывал помощь пострадавшим, — заключили в Минобороны. Там также добавили, что недавняя атака на Думу — аналогичная инсценировка, а миссия ОЗХО пренебрегает стандартами расследования, что привело к подтасовке данных. Химическая лаборатория боевиков по изготовлению отравляющих веществ и взрывчатки в подвале одного из домов в освобожденом пригороде Дамаска Думе. 18 апреля 2018 Инцидент с применением химического оружия в Хан-Шейхуне провинции Идлиб произошел 4 апреля прошлого года. В июне миссия ОЗХО по установлению фактов обнародовала доклад о том, что на месте был использован зарин. После этого миссия ООН — ОЗХО по расследованию случаев применения химического оружия в Сирии (СМР) приступила к работе по установлению виновных в атаке. Осенью было объявлено, что ответственность за инцидент несет Дамаск. Сирия неоднократно заявляла, что никогда не применяла химоружие, а все запасы химвеществ были вывезены из страны под контролем ОЗХО.;22.06.2018;;;;https://ria.ru/20180622/1523199422.html;Fake;https://theins.ru/antifake/107447;Сирия;;; 72;Вся правда о Белых касках. Доклад британских политиков;Британские общественные деятели отчитались о своей поездке в Сирию. Группа экспертов посетила несколько населенных пунктов и своими глазами увидела текущую ситуацию в стране. В частности, что из себя представляют и чем на самом деле занимаются Белые каски. Священник англиканской церкви Эндрю Эшдаун был вне политики. Но после нескольких поездок в Сирию стал жестким критиком британских властей. Он считает, что правительство Великобритании финансирует там экстремистов. Среди них организация «Белые каски», которая получает деньги от британского министерства иностранных дел. Реклама 14 В восточном Алеппо я побывал в том месте, где находилась штаб-квартира «Белых касок». Оказалось, что она примыкает к бывшему штабу Джебхат ан-Нусры (запрещена в России), а рядом здание школы, стены которой расписаны лозунгами экстремистов, — рассказал Эшдаун. В освобожденном от боевиков Алеппо Эндрю Эшдаун встретился с семьей Омрана Дакниша Это ребенок, фотографию которого в 2016 году боевики растиражировали через западные СМИ. Этот мальчик получил легкое ранение после разрыва снаряда. Он был весь в пыли, в состоянии шока. Белые каски держали его около сорока минут, не оказывая никакой помощи. И все ради одного снимка, запущенного потом по миру. Многие в Сирии называют их пропагандисткой машиной экстремистов. И они действуют исключительно в тех районах, которые находятся под контролем боевиков, — заявил священник. Вместе с пастором Эшдауном в поездку по Сирии отправилась член палаты лордов британского парламента баронесса Кокс. Я должна выразить свою признательность России за то, что она помогла сирийской армии вытеснить ИГИЛ (запрещена в России) и другие группировки исламистов с большей части территории этой страны. Мы общались с огромным количеством людей в разных частях Сирии, и все они были против джихадистов и их зверств. В провинции Латакия я встретила женщину, на глазах которой исламисты сначала отрезали голову ее мужу, а затем и сыну, — говорит Кэролайн Кокс.  Она сказала мне: Во время войны люди погибают от снарядов. Но там, где боевики, им еще и отрезают головы. Мы этого не хотим, — добавила баронесса. Своим коллегам по палате лордов баронесса представила доклад, который называется Голоса из Сирии. Сирийцы возмущены ракетными ударами, которые нанесли по их стране США, Великобритания и Франция. И я с ними согласна. Это нападение было незаконным. Сирия нашим странам никак не угрожает. Все было сделано без мандата ООН, не дожидаясь доклада международных экспертов, которые тогда еще не успели доехать до места предполагаемой химической атаки и установить, что же там на самом деле произошло. Этот удар может только подтолкнуть джихадистов к новым акциям. Примечательно, что наши опасения разделяют сразу три бывших посла Великобритании в Сирии, а также мои коллеги по палате лордов. Мы выступали в разных аудиториях и часто слышали слова благодарности, — подчеркивает Кокс. По мнению авторов доклада, своими действиями западная коалиция во главе с США фактически препятствует тому, чтобы сирийцы могли самостоятельно урегулировать конфликт. Несмотря на жесткие фильтры, информация о том, что на самом деле представляют из себя те, кому помогает в Сирии Запад, здесь периодически появляется. Не говоря уже об очевидных всем негативных последствиях вмешательства в Ливии и Ираке. Официальный Лондон критики не замечает или, по крайней мере, делает такой вид.;21.06.2018;;;;https://www.vesti.ru/doc.html?id=3030357&cid=9#;Half-Fake;https://theins.ru/antifake/107271;Сирия;;; 73;Суд лишил Нафтогаз оснований для ареста активов Газпрома за рубежом;МОСКВА, 14 июн — РИА Новости. Приказ апелляционного суда Швеции о приостановке исполнения решения арбитража Стокгольма по спору Газпрома и Нафтогаза в рамках контракта на транзит газа через территорию Украины лишает украинскую компанию оснований для попыток ареста активов Газпрома за рубежом, говорится в сообщении российского газового холдинга. Газпром сообщил, что 13 июня апелляционный суд округа Свеа (Швеция) удовлетворил его ходатайство и вынес приказ о приостановлении исполнения решения Стокгольмского арбитража от 28 февраля по спору между Газпромом и Нафтогазом Украины в рамках контракта на транзит газа через территорию Украины. Вынесение приказа лишает НАК Нафтогаз Украины, в том числе, оснований для попыток ареста активов Газпрома за рубежом. Данное обстоятельство будет использовано Газпромом при обжаловании действий судебных приставов в Швейцарии и Нидерландах, — говорится в сообщении. В соответствии с законом Швеции Об арбитраже приказ апелляционного суда не может быть обжалован, — отмечается в релизе. Стокгольмский арбитраж в декабре и феврале вынес решения по спорам Газпрома и Нафтогаза в отношении контрактов на поставку и транзит газа, обязав в итоге российскую компанию выплатить украинской 2,56 миллиарда долларов. Газпром их обжаловал в марте, а в мае потребовал полной отмены транзитного решения. Украина 30 мая заявила о начале принудительного взыскания средств и поддержке судом ее ходатайства об аресте в Швейцарии акций Nord Stream AG и Nord Stream 2 AG, а 5 июня — об аналогичном решении суда по активам Газпрома в Нидерландах. Газпром, в свою очередь, 7 июня подал в суд Швейцарии ходатайство о предоставлении доступа к материалам дела о взыскании его активов Нафтогазом для последующего обжалования действий судебных приставов. Такое же заявление компания позже планировала направить в суд в Нидерландах.;14.06.2018;;;;https://ria.ru/20180614/1522705738.html;Half-Fake;https://theins.ru/antifake/106460;Политика;;; 74;Порошенко начал проверку законности лишения Януковича поста президента;МОСКВА, 19 июн — РИА Новости. Украинский лидер Петр Порошенко решил оспорить в Конституционном суде лишение Виктора Януковича статуса президента. Официальное обращение разместили на сайте суда. По мнению Порошенко, это решение было незаконным, так как при этом был нарушен ряд статей конституции. Президент также напомнил, что лишить главу государства поста можно лишь на основании процедуры импичмента, которой в 2014 году не было. Действия Порошенко уже стали объектом критики со стороны Верховной рады, а также правительства. В частности, лидер фракции Радикальная партия Олег Ляшко предположил, что Порошенко примеряет на себя судьбу Януковича и даже готовится бежать из страны. Президент Порошенко оспаривает в Конституционном суде мой закон о лишении Януковича звания президента. Зачем он это делает?! — написал Ляшко на своей странице в Facebook. Украинский журналист Александр Дубинский также считает, что Порошенко опасается потерять пост главы государства таким же путем, как его лишился Янукович — без процедуры импчимента. Для импичмента требуется конституционное большинство в 300 голосов. Тогда как решение, аналогичное закону по лишению звания президента Януковича, можно принять простым большинством, — пишет Дубинский на своем сайте. На Украине 22 февраля 2014 года произошел госпереворот. Верховная рада отстранила от власти Януковича, который был вынужден покинуть страну, опасаясь за свою жизнь. Также парламент изменил конституцию и назначил новые президентские выборы, которые впоследствии выиграл Порошенко.;19.06.2018;;;;https://ria.ru/20180619/1522955520.html;Fake;https://theins.ru/antifake/106836;Украина;;; 75;Немецкий депутат усомнилась в причастности Москвы к отравлению Скрипалей;По словам депутата немецкого парламента Хайке Хензель, ни у Германии, ни у Великобритании нет доказательств, чтобы возлагать ответственность за инцидент в Солсбери на Москву. МОСКВА, 29 июл — РИА Новости. Депутат бундестага Хайке Хензель в интервью изданию Junge Welt заявила, что ни у британских, ни у немецких спецслужб нет доказательств причастности Москвы к отравлению Скрипалей. Теперь перед Британией стоит непростая задача – ответить на вопрос: а на кой вообще Москве сдался Скрипаль, если она сама добровольно выдала его на Запад? Иначе история с ЧП в Солсбери становится совсем абсурдной. По ее словам, правительство Германии уже второй раз за короткий срок отказалось предоставить парламенту и жителям страны доказательства, полученные из Лондона, на основании которых Россию обвинили в отравлении бывшего шпиона Сергея Скрипаля и его дочери Юлии в Солсбери. По мнению Хензель, отказ немецкого правительства свидетельствует лишь о том, что ни у британских, ни у немецких спецслужб нет доказательств причастности Москвы к этому делу. Кроме того, правительство Германии также не ответило на запрос, действительно ли немецкие спецслужбы обладают веществом А-234, которым якобы были отравлены Скрипали. В английском городе Солсбери 4 марта, согласно утверждениям британских властей, веществом А-234 были отравлены бывший офицер ГРУ Сергей Скрипаль и его дочь Юлия. Лондон считает, что к этому причастна Россия, Москва это категорически отрицает. Российская сторона не раз предлагала провести совместное расследование инцидента, однако Британия игнорировала инициативу и отказывала в доступе к Скрипалям. Кроме того, МИД уличал британского премьера Терезу Мэй во лжи. Так, она утверждала, что яд изготовили в России. Однако в лаборатории Портон-Даун это опровергли. В середине мая экс-офицер ГРУ покинул больницу, его дочь выписали еще в середине апреля. Она заявила, что вернется в Россию. На фоне скандала с отравлением США и Канада, а также ряд стран Европы, в том числе Франция, Германия, Италия, Польша, прибалтийские страны, Украина, Молдавия решили выслать в общей сложности более ста российских дипломатов. Москва приняла ответные меры.;29.07.2018;;;;https://ria.ru/20180729/1525535042.html;Fake;https://theins.ru/antifake/111987;Политика;;; 76;Ради мира на Земле: латвийский депутат предложил раздробить Россию;Чтобы в Европе наступил мир, нужно разделить Россию на мелкие части, уверен латвийский депутат Александр Кирштейнс. Только тогда, когда Россия распадется на малые страны по этническому составу, военные конфликты закончатся, а в Европе установится мир на многие годы, — написал политик на своей странице в Twitter. В Латвии неоднократно звучат антироссийские лозунги, тем не менее некоторые латвийские политики считают, что нынешние непростые отношения приносят Риге лишь убытки. Так, бывший министр сообщений Латвии Анрийс Маттис посоветовал латвийцам брать пример с Финляндии. Эта страна входит в Евросоюз, что, впрочем, не мешает ей сотрудничать с Россией.;30.07.2018;;;;https://www.vesti.ru/doc.html?id=3043610;Fake;https://theins.ru/antifake/111946;Политика;;; 77;Польский суд рассмотрит жалобу журналиста на лишение статуса резидента ЕС;ВАРШАВА, 27 июл — РИА Новости. Рассмотрение жалобы российского журналиста Леонида Свиридова о лишении его статуса долговременного резидента Евросоюза состоится в Высшем административном суде Польши в пятницу. Сам истец на суде присутствовать не будет. В официальном ответе польские власти заявили об отсутствии оснований для разрешения Свиридову въехать на территорию Польши, чтобы присутствовать на рассмотрении своего собственного дела. МИД Польши 24 октября 2014 года аннулировал журналистскую аккредитацию Свиридова, который работал в Варшаве с 2003 года. После этого польские власти начали административную процедуру лишения Свиридова вида на жительство — статуса долговременного резидента ЕС. После его аннулирования, исполняя решение административного органа, журналист в 30-дневный срок покинул страну. Он был вынужден вылететь из Варшавы в Москву 12 декабря 2015 года без решения суда. В октябре минувшего года воеводский административный суд в Варшаве рассмотрел законность решения Общепольского управления по делам иностранцев о лишении Свиридова статуса долговременного резидента ЕС. Суд отклонил иск журналиста. Теперь Свиридов обжаловал это решение в вышестоящем суде. Высший административный суд является последней судебной инстанцией в Польше. Пройдя все судебные инстанции Польши журналист может обращаться в Европейский суд по правам человека. Все материалы дела российского журналиста засекречены, несмотря на многочисленные требования стороны защиты получить объяснения причин такого решения. Главный Административный суд Польши отказался рассекречивать документы по делу. В папке Свиридова фигурирует единственный официальный документ: письмо директора Агентства внутренней безопасности Польши (ABW), в котором указано, что дальнейшее пребывание указанного гражданина на территории Польши является действительной и серьезной угрозой для безопасности государства, но ничего не говорится о причинах.Русскоязычная служба Би-би-си выпустила большой материал о закрытии счетов RT, чтобы осадочек остался, написала официальный представитель МИД России Мария Захарова в Facebook. Во время предыдущего судебного заседания польский адвокат Свиридова Ярослав Хелстовский сообщил, что его клиент так и не ознакомлен с обвинениями в свой адрес. По его мнению, Свиридов имеет право хотя бы частично ознакомиться с материалами дела. Также адвокат отметил, что не увидел в решениях судов, куда обращался Свиридов, оспаривая решение Агентства внутренней безопасности, фактов того, что была проверена доказательная база в отношении его подзащитного. История Свиридова несколько раз попадала в мониторинговый отчет представителя ОБСЕ по свободе прессы о нарушении прав журналистов в странах организации. ОБСЕ зафиксировала за последнее время единственный случай нарушения прав журналиста в Польше, причем это нарушение прав не гражданина Польши, а гражданина России. В сентябре 2015 года российский корреспондент лично разговаривал в Варшаве с представителем ОБСЕ по свободе прессы на эту тему. В сентябре 2017 года члены российской делегации на ежегодной конференции ОБСЕ по человеческому измерению в Варшаве вновь заявили о незаконности высылки журналиста из Польши. Ранее российский МИД неоднократно заявлял, что ситуация вокруг Свиридова может быть расценена как попытка ограничить свободу слова и нарушить законные права журналиста на осуществление своей профессиональной деятельности, а также как недопустимое давление на представителя СМИ.;27.07.2018;;;;https://ria.ru/20180727/1525426145.html;Fake;https://theins.ru/antifake/111684;Политика;;; 78;Неподходящий свидетель: в США не желают допросить журналиста Sputnik;МОСКВА, 20 июл — РИА Новости, Игорь Гашков. Спецпрокурор США Роберт Мюллер проигнорировал одного из свидетелей по делу о вмешательстве России в выборы президента США. Американский журналист Ли Странахан работает на российское агентство Sputnik. В 2016 году он поддерживал связь с пользователем под ником Guccifer 2.0., взявшим на себя ответственность за взлом серверов Демократической партии. Однако мнение Странахана и те сведения, которые он мог бы сообщить, команда следователей не приняла в расчет. Хакер с псевдонимом Guccifer 2.0 привлек внимание СМИ летом 2016 года, когда назвал себя организатором кибернападения на компьютеры Национального комитета Демократической партии США. Добытые им документы содержали компрометирующий материал. Благодаря этой и другим хакерским атакам стало известно, что в партии нарушали внутренние нормы, отдавая предпочтение Хиллари Клинтон, а не ее сопернику Берни Сандерсу. В результате рейтинг Клинтон снизился, и она проиграла выборы Дональду Трампу. В августе 2016-го Guccifer 2.0 вышел на связь с Ли Странаханом и передал документы, касающиеся движения Black lives matter — организации по защите прав афроамериканцев, тесно связанной с Демпартией. Репортер и кибервзломщик вступили в оживленную переписку. У Странахана сложилось впечатление, что его собеседник — самостоятельная фигура, и он назвал неубедительными попытки связать анонимного хакера с российскими спецслужбами. Иного мнения придерживаются правоохранительные органы США. Американские спецслужбы обвиняют Россию в кибератаках, а Guccifer 2.0 считают кадровым сотрудником ГРУ. В обвинительных заключениях, опубликованных командой спецпрокурора в июле 2018 года, используется информация из статей и сообщений в соцсетях Ли Странахана. Однако следователи не пожелали общаться с репортером.Сам Ли Странахан сетует на непрофессионализм команды Роберта Мюллера, ведущей себя так, будто полноценное расследование русского вмешательства не входит в ее планы. Окончательный отчет следователей, как рассказал Странахан в интервью РИА Новости, выглядит слегка уводящим в сторону и очень выборочным по подбору источников. Репортер был готов передать следствию дополнительную информацию и возмущен тем, что Мюллер не воспользовался этой возможностью. Юрист Роберт Мюллер после завершения слушаний по делу о вмешательстве России в предвыборную кампанию Дональда Трампа. Когда я увидел, что упоминаюсь в обвинительном заключении Мюллера, то, не теряя времени, написал об этом в соцсети. Я ясно дал понять, что готов к интервью. Однако ни один информационный ресурс не заинтересовался этим предложением, — недоумевает журналист.Репортер подчеркивает, что его проигнорировали даже лично знакомые с ним коллеги. Он видит в этом идеологическую предвзятость. В частности, журналист CNN Джейк Тэппер выразился так: Сотрудник Спутника подтвердил, что находился на связи с теми, кого спецпрокурор называет представителями русских спецслужб, лишь надевшими на себя маску хакеров Guccifer 2.0. И даже не обратился к коллеге за комментарием.Невнимание к деталям и неаккуратность при проведении расследования компенсируется уверенностью истеблишмента США в том, что за предполагаемыми хакерскими атаками стоит именно Москва. Хотя Guccifer 2.0., отрицающий всякую связь с Кремлем, называет себя гражданином Румынии, а свои действия объясняет личными политическими предпочтениями. Кем бы ни оказался в действительности Guccifer, его связь с Россией нуждается в доказательствах. Их нет. Интернет-активист, основатель компромат-ресурса Wikileaks Джулиан Ассанж считает версию о том, что за хакером стояла Москва, неправдоподобной. С ним солидарен и Ли Странахан: Я никогда не верил, что Guccifer 2.0. работал на российское государство, и не встречал данных, которые убедили бы меня в обратном.;20.07.2018;;;;https://ria.ru/20180720/1524962192.html;Fake;https://theins.ru/antifake/110774;Политика;;; 79;Facebook клеймит и подставляет россиян;Графа интересы и политические предпочтения стала настоящей черной дырой для бюджета крупнейшей в мире соцсети — Facebook. Все потому, что данные о том, за кого голосовал пользователь, какие он читает новости и в каких странах проводит отпуск, попадали не в те руки. Точнее в руки профессора Гарвардского университета Гэри Кинга. Он — глава крупной аналитической фирмы в Бостоне, которой создатель Facebook Цукерберг и рассекретил личные данные пользователей. Бостонская фирма создавала алгоритмы по изучению интересов аудитории соцсети. Интересами потом умело манипулировали. Сначала смешивали республиканцев с демократами, затем при запросе идиот внезапно появлялись фотографии президентов США,  а кульминацией стал вывод о том, что 65 тысяч российских пользователей Facebook — потенциальные предатели родины. Он перешел по ссылке в Facebook. Статья про идеальный дверной замок. Теперь социальная сеть считает: ему интересны кражи со взломом. Андрей Михалюк — эксперт по социальным технологиям в Интернете. Объясняет, как Facebook мог приписать интерес государственная измена десяткам тысяч россиян. Мог присвоить людям, которые слово госизмена не употребляли никогда, ни разу в своей жизни ни на одном из языков. Но, например, активно лайкают книги какого-то Тома Кленси про шпионов и шпионские скандалы, — рассказал Андрей. Виртуальный шпионский скандал начался с датских телевизионщиков. Обратили внимание: Facebook наклеил ярлыки на 65 тысяч пользователей. Причем только из России. Подключилась британская Guardian — с характерной риторикой: Теперь им грозят репрессии, русские хакеры орудуют в соцсетях! Не задали главный вопрос: зачем Facebook искал предателей онлайн? Facebook работает на том, что все пользователи, которые у него там что-то делают, для него данные об этих пользователях — это некий товар, — пояснил Валерий Пащенко, директор по маркетингу и PR, CoMagic. Тем, что Facebook следит за людьми, давно пользуются рекламщики, для них все и создавалось. Это называется таргетирование. Как вербовка клиента: сделать предложение, от которого он не сможет отказаться. Больше данных — легче подход. Пол, возраст, биография, на какую страницу зашел в том же  Facebook, что читал, что перематывал, какой комментарий оставил или не оставил. На странице — десятки невидимых датчиков. Искусственный интеллект следит непрерывно и незаметно. Соцсети сами провоцируют. Те самые безобидные статьи и тесты: как хорошо вы знаете историю, угадай, злодей или миротворец. Внутри — биографии тиранов, диктаторов, одиозных террористов. Компромат играючи — с занесением в личное дело где-то там на сервере. Вас интересуют 65 тысяч потенциальных изменников родины в России. Вы ставите галочку, и именно этим людям начинает показываться реклама вашей компании, продуктов или вашего фонда, — рассказал эксперт по информационной безопасности Александр Власов. Как маркер госизмена в российском сегменте нашло датское телевидение, не понятно. Но факт — Запад обвиняет Москву во вмешательство во все на свете, а здесь сами интересуются, изучают и собирают в группу людей со специфическими наклонностями в России. Абсолютно за рамками этики. Беспрецедентная и отвратительная вещь. Ситуация уже напоминает какие-то антиутопии Оруэлла про просчет людей, их категоризацию, — заявила официальный представитель МИД РФ Мария Захарова. Скандальную категорию Facebook удалил из открытого доступа. Позиция компании: государственная измена была добавлена ввиду исторического значения этого понятия. У каждой рубрики в Facebook есть семантическое ядро — это термины, которыми нейронная сеть наполняет понятия. Игра в ассоциации. Госизмена можно описать так: и ты, Брут, Лжедмитрий, генерал Власов, бочка варенья и корзина печенья. Пользователя интересует история предательств. А можно: продажа гостайны, иностранный паспорт в обмен на военные секреты, дестабилизация обстановки. Это тоже про госизмену. Но у одного из пользователей — явно демонический профиль. Facebook не раскрывает информацию, какие ключевые слова использовались, но в компании подтвердили: данные по группе Госизмена предоставляли. Неким рекламодателям. Нечасто. Можно строить какую-то конспирологию, что это может быть за рекламодатель,  которому нужна такая категория русских граждан. Но ответ здесь может быть только один — это разведка, — считает Игорь Ашманов, управляющий директор компании Ашманов и партнеры. Февраль этого года. Скандал с Cambridge Analitica. Частную британскую компанию обвиняют во вмешательстве в выборы по всему миру, а главное — в победе Дональда Трампа. Cambridge Analitica использовала методы глубинного анализа данных о пользователях. Данные легально брали из Facebook. И вот уже Цукерберг кается в Конгрессе. Это была моя ошибка, и я сожалею о ней. Я создал Facebook, я управляю им и ответственен за то, что происходит. Теперь мы должны пересмотреть наши отношения с людьми и убедиться, что в достаточной мере понимаем степень нашей ответственности, — заявил Цукерберг. Если частная компания получила огромный массив данных Facebook, почему так не могут делать спецслужбы? Напрямую, через подставные фирмы. Скандал с Cambridge Analitica показал видимую часть, кто использует технологии продаж, чтобы влиять на глобальную политику. Я уверен, что они это делают. В разведке  и в таких вещах, как безопасность, есть общий принцип: представь себе, чтобы ты сделал на месте противника, и будь уверен, что он уже это делает, — отметил Игроь Ашманов. Двусторонний обмен данными. Спецслужбы способны как определять настроения пользователей Facebook, так и навязывать свои, причем огромным массам людей. Личность пользователя с пометкой склонен к госизмене — фамилия, имя, отчество, адрес — установить можно. Современные алгоритмы анализа интернет-данных позволяют. Но ни  Facebook, ни заказчикам, кем бы они ни были, маленький человек не интересен. Пока.;22.07.2018;;;;https://www.vesti.ru/doc.html?id=3041096&cid=5#;Fake;https://theins.ru/antifake/111096;Политика;;; 80;Контрразведка Германии сообщила о непричастности русских хакеров к выборам в Бундестаг;Российские хакеры не вмешивались в ход кампании по выборам депутатов Бундестага в 2017 году. Такое утверждение содержится в опубликованном 24 июля в Берлине докладе Федерального ведомства по защите конституции. В Германии эту службу еще называют контрразведкой. В документе говорится: «Опасения о вмешательстве России в избирательную кампанию в конечном итоге не оправдались».  Наша страна не раз отвергала все обвинения в попытках как-либо повлиять на выборы в других государствах и призывала предоставить хотя бы какие-нибудь факты. Но этого так и не было сделано. ;24.07.2018;;;;https://www.1tv.ru/news/2018-07-24/349225-kontrrazvedka_germanii_soobschila_o_neprichastnosti_russkih_hakerov_k_vyboram_v_bundestag;Fake;https://theins.ru/antifake/111261;Россия;;; 81;Нацистский лозунг может стать официальным воинским приветствием на Украине;Нацистский лозунг может стать официальным воинским приветствием на Украине. Соответствующий законопроект, причем со статусом ”неотложный“, внес в Верховную Раду президент страны Петр Порошенко.  Документ предполагает, что вместо ”Здравствуйте, товарищи“ и ”Здравия желаем» диалог будет звучать так: ”Слава Украине!“ и ”Героям слава!“. Это лозунг запрещенной в России организации ”Украинская повстанческая армия“. В российском МИД это назвали ”героизацией нацизма“.  Такую политику Киев проводит все последние годы. Там теперь в почете УПА и ее лидеры Степан Бандера и Роман Шухевич, которые в годы Великой Отечественной войны сотрудничали с нацистами. На их совести десятки тысяч жизней, загубленных во время так называемой ”волынской резни“;04.09.2018;7:19;;;https://www.1tv.ru/news/2018-09-04/351689-natsistskiy_lozung_mozhet_stat_ofitsialnym_voinskim_privetstviem_na_ukraine;Fake;https://theins.ru/antifake/115823;Украина;;; 82;ОЗХО опубликовала краткий отчет о ходе расследования инцидентов в Солсбери и Эймсбери;В Солсбери и Эймсбери было использовано одинаковое отравляющее вещество, но неизвестно, из одной ли партии. К таким выводам пришли эксперты из Организации по запрещению химического оружия. Она опубликовала отчет о ходе расследования. При этом, какой именно яд применили против Скрипалей и пары из соседнего городка, не уточняется. Но в Лондоне поспешили интерпретировать все по-своему. <…>  Британские СМИ словно ждали этого отчета, чтобы выпустить новый эпизод сериала с говорящими заголовками:  — «Отравление в Эймсбери: эксперты подтвердили – это был ”Новичок“» (BBC). — «”Новичок“ из Эймсбери — тот же, которым отравили Скрипалей — ОЗХО» (Sky News).  Хотя в отчете ни слова про «Новичок» (термин вообще ввели в оборот сами британцы), ни слова про страну, где было произведено вещество. В ОЗХО даже уточнили, что не смогли установить, было ли вещество для разных отравлений синтезировано в одной партии. Но сразу после публикации отчета глава британского МИД Джереми Хант выступил с резким заявлением;05.09.2018;;;;https://www.1tv.ru/news/2018-09-05/351772-ozho_opublikovala_kratkiy_otchet_o_hode_rassledovaniya_intsidentov_v_solsberi_i_eymsberi;Fake;https://theins.ru/antifake/115995;Скрипали;;; 83;В мировой рейтинг по трудоустройству выпускников вошли 11 российских вузов;Сразу 11 российских вузов вошли в мировой рейтинг по трудоустройству выпускников. Об этом говорится в исследовании, опубликованном крупной британской компанией. Самые высокие позиции среди российских учебных заведений заняли Московский государственный и Санкт-Петербургский университеты.  Создатели рейтинга подчеркнули, что им было важно не только посчитать, сколько выпускников нашли работу после учебы, но и проследить, насколько успешно сложилась их карьера. И вот по этому показателю столичный и питерский вузы попали в топ-50. Причем МГУ в категории «успешность выпускников» расположился на 20-й строчке. Возглавил список Массачусетский технологический институт. ;11/09//2018;;;;https://www.1tv.ru/news/2018-09-11/352076-v_mirovoy_reyting_po_trudoustroystvu_vypusknikov_voshli_11_rossiyskih_vuzov;Fake;https://theins.ru/antifake/116646;Образование;;; 84;Продолжительность жизни в России выросла на семь лет;Продолжительность жизни в России растет, влияние внешних негативных факторов на этот показатель становится меньше. Об этом говорится в докладе Европейского бюро Всемирной Организации здравоохранения. Например, подсчитано, что россияне реже становятся жертвами дорожно-транспортных происшествий. В целом за десятилетие статистический показатель «ожидаемая продолжительность жизни» вырос на семь лет. Эксперты ВОЗ отмечают, что среди причин позитивных подвижек – меры, принятые на государственном уровне, поправки в законодательство, регулирующее сферу здравоохранения».;12.09.2018;;;;https://www.1tv.ru/news/2018-09-12/352131-prodolzhitelnost_zhizni_v_rossii_vyrosla_na_sem_let;Fake;https://theins.ru/antifake/116790;Общество;;; 85;Эксклюзивное интервью Маргариты Симоньян с «подозреваемыми» по делу Скрипалей Петровым и Бошировым;Главный редактор телеканала RT и МИА «Россия сегодня» Маргарита Симоньян пообщалась с «подозреваемыми» в отравлении Сергея и Юлии Скрипалей. Александр Петров и Руслан Боширов сами обратились к Симоньян и отказались разговаривать с кем-либо ещё из журналистов. Британские власти называют подозреваемых сотрудниками ГРУ. В эксклюзивном интервью RT они рассказали, зачем на самом деле ездили в Солсбери. Когда мы туда прилетели, мы думали, что даже самолет не с первого раза посадят, потому что в Англии 2 и 3 числа был просто транспортный коллапс. Снегопад настолько мощный, что завалило практически все города и мы никуда не смогли добраться. <…> Мы планировали одним днем съездить в Солсбери, там достаточно, там больше одного дня делать нечего. <…> Мы приехали в Солсбери 3 числа, пробыли там, наверное час… Пытались погулять по городу, но так как город был  весь завален снегом, нас хватило на полчаса. <…> Там невозможно было пройти никуда, мы вымокли все по колено. <…> А 4 числа мы вернулись, потому что в Лондоне все растаяло, была теплая погода, солнце светило. Решили завершить это дело 4 числа. Но в обед там начался такой ливень со снегом, что мы уехали раньше времени.;13.09.2018;;;;https://russian.rt.com/world/video/554018-intervyu-podozrevaemye-skripal;Fake;https://theins.ru/antifake/116990;Скрипали;;; 86;Бывшую больницу боевиков обнаружили в одном из районов Сирии, куда уже вернулась мирная жизнь;В обнаруженной больнице найдено не только самое современное оборудование, но и множество дорогих импортных лекарств, которые простые сирийцы не могли себе позволить. Теперь в этой больнице будут лечиться мирные жители.  Американские вакцины и физрастворы, новые хирургические инструменты и аппараты УЗИ, израильские антибиотики и обезболивающие — прямые поставки в обход таможни! Современное операционное отделение. В палатах мягкие и удобные кушетки, центральное отопление.   Такому изобилию лекарств и оборудования позавидует любая государственная больница. Но в этом госпитале города Эль-Бурейка лечили как раз тех, кто воевал против государства. В брошенном журнале истории болезней боевиков, их жен и детей.;19.09.2018;;;;https://www.1tv.ru/news/2018-09-19/352532-byvshuyu_bolnitsu_boevikov_obnaruzhili_v_odnom_iz_rayonov_sirii_kuda_uzhe_vernulas_mirnaya_zhizn;Half-Fake;https://theins.ru/antifake/118011;Сирия;;; 87;Сирийские боевики бросили больницу, забитую иностранным оборудованием;. Сирийские боевики бросили в местечке Эль-Бурейка в недавно освобожденной провинции Эль-Кунейтра оснащенный современным иностранным оборудованием и медикаментами госпиталь. Все оборудование и препараты передали местным жителям. Посмотрите, здесь полно импортных лекарств — Израиль, США, Франция. Для простых сирийцев это все недоступно, — рассказал журналистам врач Фанитах Диран при осмотре аптеки бывшего госпиталя террористов, показав упаковку таблеток с надписью на иврите. В больнице есть антибиотики, обезболивающие, вакцины, другие медикаменты, новые хирургические инструменты, аппараты УЗИ, современное операционное отделение. В палатах установлены мягкие кушетки, в здании есть центральное отопление. Все это предназначалось для воевавших против сирийских властей боевиков и членов их семей. В этом особняке жил главный врач городской больницы. Боевики выгнали его из дома, перенесли сюда все медицинское оборудование, а со временем заменили его. Лекарства, инвентарь, инструменты им поставляли спонсоры из-за рубежа: Израиль, Катар, Саудовская Аравия, Турция, — рассказал Диран.;19.09.2018;;;;https://ria.ru/20180919/1528865923.html;Half-Fake;https://theins.ru/antifake/118011;Сирия;;; 88;Дана — наш: американцы придумали новый фейк про Путина;В Интернете появилось ”письмо“ президента России Владимира Путина в поддержку конгрессмена от Республиканской партии Даны Рорабакера. Скриншот на своей странице в Facebook опубликовал директор по коммуникациям МИА ”Россия Сегодня“ Петр Лидов-Петровский.  В фейковом послании говорится, что Америке ”нужно больше лидеров, таких как Дана, которых не интересуют банальности, вроде прав человека или ’свободных‘ и ’честных‘ выборов“. ”Дана — наш“, — подчеркивается в обращении, под которым стоит подпись Владимира Путина.  Эту бумагу рассылают избирателям представители Демократической партии. Лидов-Петровский отмечает, что такие доказательства (”по их стандартам — железнее не бывает“) используются для введения новых санкций против России за вмешательство в американские выборы.  Россия неоднократно опровергала обвинения в попытках повлиять на выборы. По мнению Путина, причины таких обвинений следует искать во внутренних распрях в США».;16.09.2018;;;;https://www.vesti.ru/doc.html?id=3060984&cid=5#;Fake;https://theins.ru/antifake/117784;Политика Путин;;; 89;В Генпрокуратуре заявили, что за лайки в России не возбудили ни одного уголовного дела; Ни одного уголовного дела не возбуждено в России за лайки в соцсетях. Об этом сообщил официальный представитель Генпрокуратуры РФ Александр Куренной в эфире интерактивного видеосервиса Генпрокуратуры РФ Эфир. Окрестили так все эти дела - о лайках и репостах. Вот тут надо разделять: за репосты есть [уголовные дела], потому что репосты - это размещение информации, а за лайки нет ни одного уголовного дела, - сказал Куренной.;1.10.2018;;;;https://tass.ru/proisshestviya/5622469;Half-Fake;https://theins.ru/antifake/119824;Социальные сети Общество;;; 90;Церковный раскол и прекращение договора о дружбе с Россией: куда Петр Порошенко ведет Украину?;«Обывателю не всегда понятно, что дает членство в СНГ, — объясняет корреспондент. — Но в рамках Содружества действуют сотни договоров: экономическая зона, зачет советского стажа и, например, взаимное признание аттестатов. Если бы Украина действительно вышла из СНГ, ее министру иностранных дел Павлу Климкину пришлось бы заново подтверждать диплом, ведь он учился в Московском физтехе. Но Климкин на этой неделе к экзаменам не готовился, а спокойно дремал на заседании ООН под речь Петра Порошенко».;30.09;21:37;;;https://www.1tv.ru/news/2018-09-30/353186-tserkovnyy_raskol_i_prekraschenie_dogovora_o_druzhbe_s_rossiey_kuda_petr_poroshenko_vedet_ukrainu;Fake;https://theins.ru/antifake/119907;Церковь Украина ;;; 91;Международный суд ООН частично удовлетворил иск Ирана к США;«Международный суд ООН принял предварительное постановление, которое частично удовлетворяет иск Ирана к США по поводу возобновления санкций.  По мнению Тегерана, действия Вашингтона нарушают положения договора о дружбе, экономических связях и консульских правах.  Суд считает, что две страны не приложили достаточных усилий для урегулирования спора дипломатическим путем. Там призвали обе стороны воздержаться от действий, которые могут осложнить ситуацию.  В решении говорится, что в соответствии с положениями договора о дружбе от 1955 года США должны ”устранить все преграды“, которые появились после 8 мая 2018 года, для свободного экспорта в Иран ”медикаментов и медицинского оборудования, минеральных удобрений и сельскохозяйственной продукции, запчастей и оборудования, в частности, для обеспечения технической исправности и ремонта, необходимых для безопасности гражданской авиации“»;3.10.2018;11:27;;;https://ria.ru/20181003/1529868482.html;Half-Fake;https://theins.ru/antifake/120294;США;;; 92;Требование Верховной Рады ввести санкции против ряда украинских телеканалов вызывает глубокое беспокойство ОБСЕ;Очередную атаку на прессу прокомментировали в ОБСЕ, там призвал Киев отказаться от любых ограничений в отношении работы журналистов без соответствующих судебных решений.  Накануне Рада обратилась в Совет национальной безопасности и обороны с предложением ввести санкции в отношении семи телеканалов, в том числе «112 Украина» и NewsOne. В СНБО уже пообещали: как только получат запрос, тянуть с санкциями против СМИ не будут.  На этом фоне на Украине обсуждают еще один резонансный законопроект, который вчера в первом чтении приняла Верховная Рада — о языке. Говорить на украинском (если документ вступит в силу) должны будут все. А за пренебрежение этим правилом будет введена уголовная ответственность.  «Пускай бы как было, так и осталось, никто никому не мешает, кто на каком языке разговаривает. Европейские страны вон вообще по пять языков», — говорит мужчина. Вот так восприняли новый закон украинцы, которые традиционно говорят на двух языках. Принципиально на русском в телеэфире сразу после заседания Рады решил изъясняться несогласный с коллегами депутат.;5.10.2018;;;;https://www.1tv.ru/news/2018-10-05/353487-trebovanie_verhovnoy_rady_vvesti_sanktsii_protiv_ryada_ukrainskih_telekanalov_vyzyvaet_glubokoe_bespokoystvo_obse;Fake;https://theins.ru/antifake/120726;Украина;;; 93; украинский язык искусственно создан и мало распространен даже в Украине;«Украину наспех слепили советские вожди, добавив к аграрной Малороссии индустриальную и портовую Новороссию — Донбасс, русский Харьков, Одессу, чтобы укрепить молодую республику передовым пролетарским классом. Что интересно, в XXI веке цивилизованный мир уже осудил любую практику советской власти большевиков — от пакта Молотова-Риббентропа до ГУЛАГа, Варшавского договора, а вот эти карандашом начерченные границы считаются чуть ли не священными. И в этих искусственных границах законом теперь устанавливается и свой искусственный язык, не имеющий даже литературной нормы на всей территории Украины».  украинский язык искусственно создан и мало распространен даже в Украине;7.10.2018;;;;https://www.1tv.ru/shows/tolstoy-voskresene/vypuski/tolstoy-voskresene-vypusk-ot-07-10-2018;Fake;https://theins.ru/antifake/121086;Украина;;; 94;Ударом небывалой силы по единству православия станет возможная автокефалия украинским раскольникам;«Это означает религиозную войну в близкой перспективе. Наша церковь — Русская православная — самая большая в мире. Без нее нельзя даже представить себе мирового православия. Так вот. Треть — треть! — ее приходов находятся на территории Украины. Разумеется, после объявления автокефалии эти приходы, и с ними великие православные святыни — Киево-Печерская лавра, Почаевская лавра и многие другие — силой попытаются передать этой другой церкви. Верующему человеку отдать свой приход все равно что отдать свой дом. Или свою семью. В ответ на силу неизбежно будет применена сила». За четыре года на Украине националисты захватили 50 храмов Украинской православной церкви. Они перешли под юрисдикцию раскольников так называемого Киевского патриархата во главе с Филаретом. И автокефалия раскольничьей церкви — а по сути, ее легализация — приведет к новому витку противостояния на Украине.;8.10.2018;;;;https://www.1tv.ru/news/2018-10-08/353653-udarom_nebyvaloy_sily_po_edinstvu_pravoslaviya_stanet_vozmozhnaya_avtokefaliya_ukrainskim_raskolnikam;Fake;https://theins.ru/antifake/121290;Украина;;; 95;Захарова получила международную премию за выдающиеся заслуги в сфере PR;Официальный представитель МИД РФ Мария Захарова удостоена в четверг международной награды PROBA за выдающиеся заслуги в сфере связей с общественностью. Церемония состоялась на территории Эрмитажа.  Как отметили учредители премии, Захарова поменяла отношение к отрасли в стране. Мы были поражены, с какой искренностью и смелостью Мария рассказывает про деятельность МИД и лично министра иностранных дел России Сергея Лаврова, - пояснил зампред оргкомитета премии Андрей Баранников.  Захарова в ответ обратила внимание, что в сфере пиар есть все. Я помню, как во время учебы в МГИМО преподаватели продавали нам за $6 книгу Сэма Блэка Public relations, других учебников по пиар не было, - рассказала она. Мне важно ваше профессиональное признание, - призналась дипломат.  PROBA проходит в партнерстве с ICCO Global PRAwards - одной из ведущих мировых коммуникационных премий, учрежденной международной ассоциацией компаний-консультантов в сфере связей с общественностью.;22.09.2018;22:00;;;https://tass.ru/obschestvo/5588328;Half-Fake;https://theins.ru/antifake/118376;Общество;;; 96;Меркель публично оскорбила Мэй;Канцлер Германии Ангела Меркель и британский премьер Тереза Мэй стали участницами скандала. В Зальцбурге фрау канцлерин демонстративно унизила британского премьера, отказавшись пожать ей руку, так пишут СМИ. Говорят, так Меркель отомстила Мэй за Брексит. Но на фоне того, что готовят однопартийцы Терезе, это выглядит невинной шуткой. Консерваторы в ближайшие месяцы намерены свергнуть главу кабмина. И на ее место уже есть 27 претендентов. Среди них бывший глава МИД Борис Джонсон. В рядах консерваторов считают, что Тереза Мэй должна ответить за провал по Брекситу, ведь именно из-за нее переговоры с Брюсселем зашли в тупик.;20.09.2018;21:30;;;https://ren.tv/novosti/2018-09-20/angela-merkel-demonstrativno-unizila-terezu-mey?utm_source=yxnews&utm_medium=desktop;Fake;https://theins.ru/antifake/118438;Великобритания Германия ;;; 97;Нерукопожатная: Меркель унизила Терезу Мэй;Канцлер ФРГ Ангела Меркель публично оскорбила премьера Великобритании Терезу Мэй, отказавшись поприветствовать ее на неформальном саммите в Зальцбурге. СМИ и политологи связывают этот инцидент с провалом третьего раунда переговоров Брюсселя и Лондона по Brexit. Сроки принятия ключевых решений поджимают, а у сторон все еще нет единой позиции по дальнейших шагам и условиям выхода Британии из ЕС. Между тем, из-за внешнеполитических проблем однопартийцы Мэй уже готовят ей замену Канцлер Германии Ангела Меркель публично отказалась пожать руку премьер-министру Великобритании Терезе Мэй, которая встречала лидеров ЕС на неформальном саммите в Зальцбурге Подробности неприятного для английского премьера инцидента уже описали все мировые издания. Так, Daily Express отмечает, что Тереза Мэй при приближении Ангелы Меркель улыбнулась и подалась вперед, однако немецкий лидер проигнорировала инициативу главы британского правительства и прошла мимо, чтобы поприветствовать президента Литвы Далю Грибаускайте. Как отмечают зарубежные политологи, причиной публичного выражения недовольства Ангелой Меркель стал провал переговоров Лондона с Брюсселем по выходу Великобритании из Евросоюза. Официальные переговоры между Лондоном и Брюсселем по условиям Brexit начались 19 июня 2017 года. За год до этого на референдуме по данному вопросу в Великобритании победу с результатом 51,9% одержали противники евроинтеграции. Переговоры должны продлиться до ноября 2018 года, после чего необходимо было получить одобрение сделки от Европарламента и Вестминстера. Сам Brexit намечен на 29 марта 2019 года, затем, согласно плану, должен наступить переходный период, который продлится до 31 декабря 2020 года. % В начале сентябре провалом закончился третий раунд переговоров Лондона с Брюсселем по Brexit. Стороны так не смогли найти точек соприкосновения по поводу финансовых обязательств Великобритании, прав граждан ЕС и Соединенного Королевства и даже последовательности разговора о будущем. Главной проблемой переговоров сегодня остается режим контроля границы между остающейся в ЕС Ирландией и выходящей из сообщества в составе Соединенного Королевства Северной Ирландией. Обе стороны хотят сохранить прозрачность этой границы для людей, товаров и услуг, но у Лондона пока нет понимания, как это сделать, не нарушая целостность европейского таможенного союза. ;21.09.2018;;;;https://www.gazeta.ru/business/2018/09/21/11978689.shtml;Fake;https://theins.ru/antifake/118438;Великобритания Германия ;;; 98;Гриф «совершенно секретно» снят: ракета, сбившая малайзийский «Боинг» принадлежала украинской воинской части;«Даже если бы подобная ракета была захвачена на территории Грузии, она бы никогда бы не была принята на вооружение Вооруженных сил Российской Федерации или вообще вывозилась бы с территории Грузии. Скорее всего, их бы, в лучшем случае, утилизировали на месте, в худшем — отдали бы обратно грузинам. Что касается передачи этой ракеты во время Ющенко Грузии, то такой вариант, конечно, вероятен. Но это лишний раз подтверждает тот факт, что Украина принимала участие в войне против Южной Осетии и несет ответственность за те громадные жертвы, которые понесло южноосетинское население».;23.09.2018;;;;https://www.1tv.ru/news/2018-09-23/352793-grif_sovershenno_sekretno_snyat_raketa_sbivshaya_malayziyskiy_boing_prinadlezhala_ukrainskoy_voinskoy_chasti;Fake;https://theins.ru/antifake/118794;Малазийский боинг;;; 99;Пересчитать итоги выборов в Приморье невозможно, заявили в ЦИК;В Приморье сложилась чрезвычайная ситуация, в ЦИК не могли просто взять и пересчитать итоги, так как часть результатов на участках восстановить было невозможно, заявила глава ЦИК РФ Элла Памфилова на заседании ведомства. Как это можно пересчитать, как можно восстановить? — сказала Памфилова, пояснив, что часть документов с участков были свалены в одну кучу в непонятном состоянии, не понятно, что происходило с документами. У нас сложилась чрезвычайная ситуация. Когда мы не могли, как утверждают некоторые знатоки, просто взять и пересчитать на некоторых участках и изменить победителя и объявить его, — добавила она.;26.09.2018;;;;https://ria.ru/20180926/1529368329.html;Half-Fake;https://theins.ru/antifake/119124;Выборы;;; 100;За последние четыре года на Украине захвачены более 50 православных храмов Московского Патриархата;Более 50 храмов Украинской православной церкви было захвачено раскольниками начиная с 2014 года. Об этом заявил митрополит Бориспольский и Броварский Антоний. Только с мая по август этого года совершено шесть нападений, при этом уголовные дела возбуждены только в двух случаях, это уже данные мониторинговой миссии ООН по правам человека. Все это на фоне попыток политического руководства страны добиться для раскольников автокефалии. Представители неканонических церковных образований уже не раз заявляли, что рассчитывают заполучить еще и Киево-Печерскую лавру»;27.09.2018;;;;https://www.1tv.ru/news/2018-09-27/353007-za_poslednie_chetyre_goda_na_ukraine_zahvacheny_bolee_50_pravoslavnyh_hramov_moskovskogo_patriarhata;Fake;https://theins.ru/antifake/119337;Украина Церковь;;; 101;Создатель французского антитеррора: Мы знаем кто убил Захарченко;Бывший офицер Национальной жандармерии Франции, снайпер из охраны генерала Шарля де Голля, один из создателей антитеррористической группы во время президентства Франсуа Миттерана Поль Барриль в интервью газете The Guardian изложил собственную версию убийства главы ДНР Александра Захарченко. <…>  Поль Барриль рассказал, что ранее был приглашен посетить ДНР для консультации Александра Захарченко по вопросам охраны и личной безопасности. Однако, прежде чем это произошло, Захарченко был убит бомбой в кафе ”Сепар“ в Донецке.  По мнению Барриля, за убийством Захарченко стоит 3-й полк специальных операций военной разведки Украины. Обучение украинских военнослужащих этого полка проводили американские инструкторы в Хмельницком учебном центре, одной из их баз в Украине.  ”ЦРУ и ’Зеленые береты‘ имеют самые передовые в мире мины-ловушки, и в ресторане ’Сепар‘ — это ’подпись‘ английской или американской работы“, — говорит эксперт.  Он еще раз подчеркнул, что те, кто устанавливал бомбу в Донецке, были обучены инструкторами ЦРУ, поскольку ”умные бомбы“ — их почерк».;29.09.2018;;;;https://www.mk.ru/politics/2018/09/29/sozdatel-francuzskogo-antiterrora-my-znaem-kto-ubil-zakharchenko.html;Fake;https://theins.ru/antifake/119732;Политика ;;; 102;Политологи заявили, что КПРФ может не повторить триумфа в Приморье;Ранее Ищенко и Тарасенко обвинили друг друга в фальсификации протоколов во втором туре выборов главы края. По ходу подведения итогов выборов кандидаты попеременно лидировали с минимальным отрывом, по итогам обработки 100% бюллетеней Тарасенко получил 49,55% голосов, а Ищенко — 48,06%. После подачи кандидатами жалоб о нарушениях ЦИК направил в Приморье своих представителей для оценки ситуации и принял решение рекомендовать избиркому региона признать результаты этих выборов недействительными, поскольку при анализе жалоб выявлено грубое вмешательство в избирательную кампанию с применением административного ресурса;20.09.2018;;;;https://ria.ru/20180920/1528976490.html;Fake;https://theins.ru/antifake/118204;Выборы;;; 103;Признал вину: Ходорковский отправил журналистов на верную смерть;«После месяца скользких виляний, отнекиваний и вранья экс-глава ЮКОСа, а ныне житель Лондона Михаил Ходорковский признал свою часть вины за гибель трех российских журналистов в Африке. 30 июля Орхана Джемаля, Александра Расторгуева и Кирилла Радченко расстреляли в Центральной Африканской Республике.  Теперь уже совершенно ясно, что Ходорковский безответственно финансировал из рук вон плохо подготовленную авантюру, отправив съемочную группу на верную смерть. Признание вины со стороны Ходорковского — героя 90-х и нынешнего революционера — последовало после публикации разоблачительных документов, заявлений российского МИД и волны гнева со стороны журналистского сообщества», — начинает свой сюжет Киселев.;02.09.2018;;;;http://vesti7.ru/article/1028793/episode/02-09-2018/;Fake;https://theins.ru/antifake/115776;Общество;;; 104;Россияне стали больше тратить в поездках за границей;Россияне стали больше тратить в поездках за границей — такие данные приводит Всемирная туристская организация ООН. Соотечественники поднялись за год с 11 на 8 место. Возглавляют список «транжир» китайцы. Они потратили на путешествиях за минувший год более 260 миллиардов долларов.  Следом более скромные американцы, которые в других странах оставили 135 миллиардов долларов. И замыкают тройку жители Германии. Они раскошелились на 89 миллиардов.   Примечательно, что российские граждане улучшили позиции в этом рейтинге, несмотря на ослабление рубля и санкции, которые вводятся в отношении России уже больше четырех лет. За 2017 год россияне в поездках потратили более 31 миллиарда долларов.;28.08.2018;;;;https://www.1tv.ru/news/2018-08-28/351281-rossiyane_stali_bolshe_tratit_v_poezdkah_za_granitsey;Half-Fake;https://theins.ru/antifake/115040;Общество;;; 105;Придется умирать: в Латвии приняли новый проект системы здравоохранения;С первого сентября жители Латвии, у которых нет трудовых договоров с работодателями, должны будут делать добровольные взносы в государственный бюджет (51,6 евро в 2018 году, 154,8 евро в 2019 году и 258 евро в 2020 году).  В противном случае у них будет доступ только к минимальному набору медуслуг, в частности, неотложная помощь, помощь при родах, услуги семейного врача (но без выписки направлений на обследования и анализов), лекарства и медицинское оборудование, услуги по лечению общественно опасных заболеваний (психические болезни и туберкулез) и медикаменты для их лечения. <…>  Профессор Рижского университета им. П. Страдиня Гиртс Бригис считает, что, по сути, врачам придется разделять пациентов на тех, кого ”можно будет вылечить, и тех, кому придется умирать“.  ”Человек приходит к семейному врачу, тот обнаруживает, что пациент не платит налоги, но у него подозрение на рак, надо сделать кучу дорогих исследований. И что должен предложить врач? Сказать: идите домой или добывайте где хотите деньги“, — недоумевает Бригис».;30.08.2018;;;;https://ria.ru/20180830/1527475496.html;Fake;https://theins.ru/antifake/115361;Общество;;; 106;Бутину вынуждают бодрствовать с часу до трех ночи и не пускают на улицу;. Находящуюся в американской тюрьме россиянку Марию Бутину содержат в режиме, при котором она вынуждена бодрствовать с часу до трех ночи, говорится в сообщении посольства России в США. В отношении Марии продолжает действовать негуманный режим административной сегрегации, из-за которого она вынуждена бодрствовать с часу до трех ночи. Это единственный период, когда она может покинуть камеру. На свежий воздух ее не выводят, — сказано в сообщении по итогам очередного визита российских дипломатов к Бутиной 29 августа. В посольстве подобный подход расценивают как способ оказания давления на россиянку.;20.08.2018;;;;https://ria.ru/20180830/1527473692.html;Fake;https://theins.ru/antifake/115463;Политика;;; 107;Судьба Сергея Скрипаля вызывает все больше опасений у его родственников;«Где он находится, сказать не может никто. Возникают даже мысли о самом страшном — что его уже нет в живых. И, казалось бы, пролить свет на все это могли бы британские власти. Но они лишь продолжают играть в игру в стиле «хайли лайкли».  Дом Скрипаля похож на сцену с опущенным занавесом. Прошло пять месяцев, но до сих пор не понятно, что здесь случилось: преступление или инсценировка того, что в Британии называют отравлением?  Нет ответа и на один из главных вопросов: где Сергей и Юлия Скрипали? Из больницы их увезли сотрудники спецслужб, с тех пор они словно пропали. Их могут удерживать насильно, заявили тогда в нашем МИД. Видеозапись Юлии Скрипаль, где она произносит заранее заученный текст, лишь усилило эти подозрения. А Сергея Скрипаля вообще никто не видел. Нет даже фото.  Развеять все эти опасения могла бы одна встреча. Но власти Британии отказываются пускать к пострадавшим сотрудников нашего консульства».;27.08.2018;;;;https://www.1tv.ru/news/2018-08-27/351211-sudba_sergeya_skripalya_vyzyvaet_vse_bolshe_opaseniy_u_ego_rodstvennikov;Fake;https://theins.ru/antifake/114915;Скрипали;;; 108;Жителям Латвии предложили самостоятельно выживать в случае начала войны;Жители Латвии в случае начала кризиса или военного конфликта должны самостоятельно защищать самих себя, говорится в проекте доклада национального министерства обороны, опубликованном на сайте правительства страны.  В документе отмечается, что государство не в состоянии обеспечить безопасность всех граждан в случае начала конфликта, поэтому жители должны сами отвечать за себя и своих родных. И хотя правительство, по мнению авторов доклада, должно предложить некие «модели самоорганизации», основной задачей латвийских граждан останется умение организоваться самостоятельно.  При этом военное ведомство подчеркивает, что уровень угрозы в отношении Латвии на сегодняшний день такой, что «оборона государства только военными средствами больше невозможна», поэтому следует улучшать систему государственной защиты, которая основывается на готовности общества и государства преодолевать кризис, опираясь на взаимное доверие и партнерство жителей;24.08.2018;;;;https://ria.ru/20180824/1527137845.html;Fake;https://theins.ru/antifake/114677;Общество;;; 109;Режиссер Денни Бойл покинул съемки нового Джеймса Бонда из-за отношений с Россией;Режиссер Дэнни Бойл отказался снимать новый фильм о Джеймсе Бонде из-за России. Оказывается, продюсерам не понравилась идея обладателя премии ”Оскар“ построить сюжет вокруг политической напряженности с нашей страной.  Бойл хотел снять фильм о холодной войне, на этот раз современной, но не нашел понимания у студийных боссов, так пишет Daily Telegraph. Разногласия возникли в момент принятия финальных правок в сценарии, сообщает телеканал ”Россия 24“. Скорей всего, теперь картина будет о чем-то другом, но кто ее снимет — неизвестно. Премьера 25 серии ”Бонда запланирована на ноябрь 2019 года».;23.08.2018;;;;https://www.vesti.ru/doc.html?id=3052130&cid=9#;Fake;https://theins.ru/antifake/114559;Знаменитости;;; 110;Демократия по-европейски: латвийские власти не допустили до выборов русскоязычную активистку;В Латвии лидера Русского союза Татьяну Жданок не допустили до выборов депутатов Сейма. Объяснили тем, что по закону она не имеет право баллотироваться, так как участвовала в работе Компартии Латвии после 13 января 1991 года. Жданок оспорила это решение в Конституционном суде, сообщает телеканал Россия 24. Она связывает давление со стороны властей Латвии со своей активной поддержкой русскоязычного населения;22.08.2018;;;;https://www.vesti.ru/doc.html?id=3051661&cid=9#;Half-Fake;https://theins.ru/antifake/114430;Политика;;; 111;Верховная рада: запрет на транспортное сообщение с Россией добьет Украину;Украина держится на плаву только за счет своих граждан, которые работают в России. Запрет на транспортное сообщение ее добьет, считают в Верховной Раде. За первые полгода в 2018 году на заработки в нашу страну выехали свыше 200 тысяч украинцев. И это — лишь официальная статистика. Неофициально, по словам депутатов, в России работают миллионы. Они кормят свои семьи и платят налоги на родине, передает телеканал «Россия 24». Кроме того, если сообщение прекратят, Украина будет отрезана от мировой экономики и потеряет миллиарды, считают в Раде»;20.08.2018;;;;https://www.vesti.ru/doc.html?id=3050862&cid=9#;Half-Fake;https://theins.ru/antifake/114093;Украина;;; 112;Деанонимный Telegram: в популярном мессенджере нашли уязвимость;Российские специалисты разработали программу, позволяющую узнать номер телефона пользователя Telegram по его юзернейму. Это даст возможность правоохранительным органам, запросив информацию у операторов связи, установить личность абонента. Таким образом, до сих пор считавшийся анонимным мессенджер перестает быть таковым, резюмируют эксперты. Технология может быть полезна в поиске преступников, полагают они. Программисты Центра исследований легитимности и политического протеста нашли в Telegram уязвимость, которая позволяет деанонимизировать пользователей мессенджера. Они разработали программу, которая определяет по юзернейму номер телефона, на который зарегистрирован аккаунт. — Мы проанализировали API (часть программного интерфейса приложения) и выяснили, что в мессенджере есть уязвимость, позволяющая раскрывать номера мобильных пользователей, — рассказал «Известиям» руководитель центра Евгений Венедиктов.;09.08.2018;;;;https://iz.ru/769085/anzhelina-grigorian/deanonimnyi-telegram-v-populiarnom-messendzhere-nashli-uiazvimost;Fake;https://theins.ru/antifake/112947;Общество Социальные сети;;; 113;WhatsApp даст спецслужбам доступ к перепискам пользователей;В мессенджере WhatsApp больше не будет применяться сквозное шифрование сообщений пользователей, пишет портал Akket.  Таким образом, спецслужбы смогут легко получить доступ ко всем перепискам. На такой шаг создатели мессенджера пошли по распоряжению компании Facebook, которая фактически владеет WhatsApp. По словам основателя компании Facebook Марка Цукерберга, это требование выдвинули американские власти. Поэтому с 2019 года появится версия приложения с ослабленным шифрованием, что позволит сотрудникам спецслужб беспрепятственно получить информацию об интересующих их пользователях и таким образом предупреждать действия террористов и людей с психическими отклонениями;13.08.2018;;;;https://ria.ru/20180813/1526417309.html;Fake;https://theins.ru/antifake/113243;Общество  Социальные сети;;; 114;Демократы США хотят превратить Facebook в инструмент манипуляции избирателями;Социальную сеть Facebook хотят превратить в источник узаконенного слива данных. Демократическая партия США заявила, что намерена регулярно получать от компании информацию об интернет-пользователях, якобы чтобы предотвратить попытки воздействия на избирателей. Политики уверяют, что эта мера необходима перед осенними промежуточными выборами, сообщает телеканал ”Россия 24“. Основатель Facebook Марк Цукерберг не раз уверял, что данные пользователей под защитой, но демократы все равно собираются готовить доклад с общим посылом ”о чем толкуют в социальных сетях и как этому противостоять“ и распространять среди пользователей нужную уже самим политикам информацию о кандидатах в конгресс. При таком внутреннем вмешательстве удивительны упорные поиски давления извне. Ранее Вашингтон обвинял Россию во вмешательстве в президентские выборы 2016 года и выборы в конгресс этого года;09.08.2018;;;;https://www.vesti.ru/doc.html?id=3047092&cid=5;Fake;https://theins.ru/antifake/112928;Политика США;;; 115;В ООН одобрили российское предложение о гуманитарной помощи для КНДР;В ООН одобрили российское предложение о гуманитарной помощи для КНДР. Северная Корея все-таки сможет получать гуманитарную помощь. Этого добилась Россия. Комитет Совета безопасности ООН, отслеживающий соблюдение санкций в отношении Пхеньяна, одобрил инициативу нашей страны. Она подразумевает создание механизма, так называемых, гуманитарных изъятий из ограничительных мер. Это значит, что оказывать помощь Северной Корее, например, поставлять лекарства или продовольствие, смогут государства — члены ООН, а также международные организации, сообщает телеканал ”Россия 24“» (пунктуация сайта «Вестей» сохранена).;07.08.2018;;;;https://www.vesti.ru/doc.html?id=3046248;Fake;https://theins.ru/antifake/112698;ООн;;; 116;Из Вашингтона вновь звучат обвинения в адрес Москвы;На этой недели из Вашингтона пришли сообщения о подготовке новых санкций против России. И вроде уже привыкли, и внимания, казалось бы, никто особо не обращает. Но за океаном продолжают с упорством, достойным лучшего применения. Теперь грозят «самыми жесткими и сокрушительными санкциями». А обвиняется Россия в том, чего даже еще не было — до выборов в Конгресс около трех месяцев, но на Капитолийском холме вовсю уже твердят о вмешательстве. Теперь под ударом могут оказаться российские энергетические проекты и государственный долг. Собственные потери США не в счет. Хотя санкционная дубинка для американцев, похоже, стала главным орудием в решении любых вопросов, даже в спорах с ближайшими союзниками В США нынче опасно не только знать кого-то, кто связан с Белым домом, но и шутить про американскую политику. Особенно это касается россиян. У Мюллера появились вопросы и к российскому певцу Эмину Агаларову. Тот недавно выпустил новый клип, в котором высмеивает тему несуществующего сговора Трампа с Кремлем. В США юмор не оценили: пришлось объясняться адвокату поп-звезды. «Это шутка! Клип высмеивает фейк ньюз и то огромное внимание, которое СМИ уделяют несуществующим сенсациям», — сказал Скотт Балбер, адвокат Эмина Агаларова. ;05.08.2018;;;;https://www.1tv.ru/news/2018-08-05/349891-iz_vashingtona_vnov_zvuchat_obvineniya_v_adres_moskvy;Fake;https://theins.ru/antifake/112658;Санкции США;;; 117;В Киеве открыли памятник Илье Муромцу, которого Украина провозгласила своим национальным героем;В Киеве открыли памятник Илье Муромцу, которого Украина провозгласила своим национальным героем. Церемонию возглавили практически, как три богатыря, мэр Киева Кличко, автор скульптуры и спортсмен, который ему позировал. Былинный силач недавно стал объектом притязаний украинских властей. В Киеве уверяют, что родился богатырь не в Муроме Владимирской области, а под Черниговом, и запрещают книжки с русскими былинами как не отвечающие новой концепции. Символично, что спорный памятник установили в парке, который раньше назывался ”Дружба народов“».;02.08.3018;;;;https://tass.ru/obschestvo/5422812;Half-Fake;https://theins.ru/antifake/112491;Общество;;; 118;В Киеве открыли памятник Илье Муромцу, которого Украина провозгласила своим национальным героем;«Герой русских былин предстает в доспехах на коне, на древке его копья развевается флаг с изображением ”тризуба“. <…>  Былинный персонаж Илья Муромец в последнее время стал темой для очередных спекуляций вокруг «кражи украинской истории» Россией. Первым выступило министерство обороны Украины, внеся в декабре 2016 года правки в википедию и ”сделав“ русского богатыря Илью Муромца уроженцем Черниговской области Украины, а не деревни Карачарово близ Мурома Владимирской области.  Ряд украинских исследователей отождествляют его со святым Илией Печерским с Черниговщины, мощи которого покоятся в Киево-Печерской лавре. На основании этой теории местные власти Киева и говорят об украинском происхождении Муромца. Те же украинские историки теперь утверждают, что Илья родился недалеко от Киева — в Моровске (Моровийске) под Черниговом, который в древности назывался Муромском».;03.08.2018;;;;https://www.1tv.ru/news/2018-08-03/349764-v_kieve_otkryli_pamyatnik_ilie_muromtsu_kotorogo_ukraina_provozglasila_svoim_natsionalnym_geroem;Half-Fake;https://theins.ru/antifake/112491;Общество;;; 119;Власти Крыма о признании полуострова российским: лед тронулся;Крым все больше в западных странах отождествляют как территорию Российской Федерации, процесс признания полуострова набирает обороты, заявил глава комитета крымского парламента по межнациональным отношениям Юрий Гемпель. Немецкий телеканал признал Крым территорией России, показав карту страны с включенным туда полуостровом. В эфире радио Sputnik президент Международного совета российских соотечественников Вадим Колесниченко рассказал о своем видении ситуации. Ранее немецкий телеканал 3Sat показал в эфире карту, на которой Крым обозначен как территория России. Инфографику показали в документальном фильме Сплошь Сибирь. На показанной в фильме российской карте полуостров закрашен таким же цветом, как и остальная территория страны. Телеканал 3Sat ведет вещание в Германии, Австрии и Швейцарии. Это говорит о том, что мир воспринимает Крым как неотъемлемую часть Российской Федерации. В изменении мнения европейцев по отношению к российскому Крыму причастны, в том числе, народные дипломаты, которые активно рассказывают правду о происходящих на полуострове процессах. Мир рано или поздно все равно признает Крым как территорию Российской Федерации, — сказал РИА Новости Гемпель. По его словам, Крым все больше привлекает иностранные делегации. И если первые делегации приезжали посмотреть, что происходит в регионе, то теперь от иностранцев исходят реальные предложения по сотрудничеству и инвестициям. Санкции санкциями, де-юре непризнание Крыма есть, но по сути, как бы сказал Остап Бендер из романа Ильфа и Петрова: Лед тронулся, господа присяжные заседатели. Обратной дороги нет, — добавил Гемпель.;17.08.2018;;;;https://ria.ru/20180817/1526709143.html;Fake;https://theins.ru/antifake/113784;Украина;;; 120;У  них ракеты не той системы;Российские военные проанализировали видеоматериалы, представленные голландской объединенной следственной группой, которая занимается расследованием авиакатастрофы пассажирского Boeing в небе Украины в 2014 году. Об этом сообщили в Министерстве обороны России. В военном ведомстве обратили внимание на то, что одним из приведенных следователями аргументов о якобы причастности Вооруженных Сил РФ к авиапроисшествию является уцелевшая обшивка двигателя зенитной ракеты комплекса Бук, которую накануне продемонстрировали на пресс-конференции. При этом о дате и месте обнаружения двигателя или лицах, передавших данный агрегат следственной комиссии, выступавшие умолчали, - отметили в минобороны, подчеркнув, что серийный номер, нанесенный на двигатель ракеты, однозначно указывает, что она была произведена в 1986 году в СССР. Гарантийный же срок эксплуатации зенитных ракет данного типа составляет 15 лет, напомнили в военном ведомстве. При этом предприятие-изготовитель может продлить еще на 5 лет предельный срок, но не более 2 раз. Голландская комиссия показала двигатель ракеты, предельный срок эксплуатации которой - 2011 год (1986 год плюс 25 лет) Таким образом после 25 лет эксплуатации все без исключения ракеты комплексов Бук подлежат списанию и утилизации. Поскольку дальнейшее использование таких изделий, прежде всего из-за небезопасности пороховых зарядов двигателей, несёт прямую угрозу жизни для военнослужащих, - отметили в Министерстве обороны. Наши военные подсчитали, что у ракеты, двигатель от которой был продемонстрирован голландской комиссией, предельный срок эксплуатации - 2011 год (1986 год плюс 25 лет). После этого все ракеты указанного года выпуска были изъяты, списаны и отправлены на утилизацию. При этом подобные правила касаются исключительно российских подразделений ПВО. Поскольку все они исправно получают новое ракетное оружие от единственного предприятия-изготовителя, также расположенного в России. То есть, хранить старье просто нет никакой надобности. А вот на получившую в собственность около 20 дивизионов ЗРК Бук Украину за все время не было поставлено ни одной новой ракеты. Получается, единственной причиной умышленного замалчивания голландской следственной комиссией источника происхождения показанного ракетного двигателя является его более чем вероятная принадлежность к украинским вооруженным силам, - отметили в российском военном ведомстве. Днем ранее Минобороны уже комментировало доводы, озвученные на пресс-конференции международной следственной группы, занимающейся расследованием авиакатастрофы в небе над Донбассом. Boeing 777 малайзийской авиакомпании, летевший по маршруту Амстердам - Куала-Лумпур, потерпел крушение 17 июля 2014 года на востоке Украины. На борту находились 298 человек. Все пассажиры и члены экипажа погибли.;25.05.2018;;;;https://rg.ru/2018/05/25/minoborony-rf-zaiavilo-ob-otsutstvii-u-armii-sovetskih-raket-dlia-zrk-buk.html;Fake;https://theins.ru/antifake/105123;Украина;;; 121;Врачи Скрипалей признались, что не они ставили диагноз;Слаженная работа врачей и помощь информированных экспертов из лаборатории Портон-Даун. Так объясняют медики из Солсбери чудо исцеления Сергея и Юлии Скрипаль от опаснейшего — как утверждается — нервно-паралитического яда боевого назначения, с которым мировая медицина до сих пор не сталкивалась. Подробности удивительные. Больше суток жертв отравления лечили от передозировки наркотиками. Диагноз изменили только после вмешательства Скотленд-ярда. И все это время персонал больницы контактировал с пациентами без всякой защиты. Госпиталь в Солсбери, где лечились Сергей и Юлия Скрипаль, открыл двери для журналистов программы Ньюзнайт. Полностью этот сюжет покажут по Би-би-си сегодня вечером. Пока доступны лишь отдельные фрагменты. Из них невозможно понять, как здесь смогли вылечить пациентов, отравленных, если верить тому, что говорят сами медики, мощным нервно-паралитическим веществом А234. Известно, что противоядия от него нет. В день, когда бывший полковник и его дочь поступили в больницу, врачи думали, что имеют дело с передозировкой опиума и предпринимали обычные в таких случаях действия. По их словам, прошли сутки, прежде чем они узнали, что столкнулись с боевым отравляющим веществом. Российских экспертов это заявление удивило. Они утверждают, что симптомы отравления опиатами и фосфоросодержащими ядами настолько разные, что спутать их нельзя. При отравлении опиатами расширение зрачка идет, и расслабление мышц идет. Фосфорные отравления — там все мышцы каменеют. То есть мышцы сжимаются или расслабляются. Глаза сходятся или расходятся — это любой медицинский техникум определил бы ровно в течение одной секунды, — пояснил Леонид Ринк, доктор химических наук. По его словам, при отравлении ядом А234 бессмысленно подавать пострадавшему воздух через трахею. Именно от этой процедуры у Юлии Скрипаль остался на шее глубокий шрам. Какие препараты использовались для лечения отравленных, врачи не говорят. Но один из них упоминает о неких иностранных консультантах, которые помогли районной больнице своими дельными советами. Секретный научно-исследовательский центр Портон-Даун находится рядом с Солсбери. О том, чем занимались там иностранные специалисты во время инцидента, сейчас никто не говорит. Но именно в этой лаборатории назвали тип вещества, которым отравили бывшего двойного агента и там же были поспешно уничтожены домашние животные Скрипалей. Прошло почти три месяца с тех, пор, как бывшего полковника и его дочь обнаружили в парке в центре Солсбери. Отсюда уже убрали кордоны и полицейских. Но о результатах расследования ничего не слышно. У полиции нет даже подозреваемых, о чем сообщил советник по национальной безопасности британского правительства Марк Седвилл. Британцы, которых пугали химической атакой русских, отправляют в газеты гневные письма. Россия с самого начала этой скандальной истории с обвинениями в адрес Москвы и высылкой дипломатов называет её провокацией. Такое искушение поиграть на русофобии, привлечь к себе внимание, отвлечь свое население и мировую общественность от тех проблем, которые ты сам испытываешь, я имею в виду тот же брекзит – это, наверное, совсем не та линия, которая сегодня требуется в международных отношениях. Если кто-то хочет подыгрывать нагнетающим конфронтацию кругам за океаном — это печально, мы с этим едва ли что можем сделать, кроме как противопоставлять твердую линию по отстаиванию своих интересов, по отстаиванию правды, справедливости, — заявил министр иностранных дел России Сергей Лавров. Британские власти сейчас пытаются убедить всех в том, что отравление действительно было. Сначала предъявили Юлию Скрипаль, теперь появились врачи. До сих пор из публичных выступлений тех, кто, так или иначе, оказался связан со скандальной истории в Солсбери, не прозвучало ни одного убедительного доказательства или хотя бы свидетельства того, что в этом деле есть пресловутый русский след.;29.05.2018;;;;https://www.vesti.ru/doc.html?id=3022670&cid=5#;Fake;https://theins.ru/antifake/104525;Политика;;; 122;Британские спецслужбы прокололись с Юлией Скрипаль;23 мая из Англии пришло видеообращение Юлии Скрипаль. Это был монотонный текст. От молодой девушки, оказавшейся в сложной жизненной ситуации, естественным было бы ожидать хоть каких-то эмоций, но Юлия произносила очевидно заранее написанный чужой текст однообразной скороговоркой, используя совсем непривычные для себя слова и термины. Я не хочу вдаваться в детали, скажу лишь, что лечение было инвазивным, болезненным и глубоко угнетающим, — сказала Скрипаль. Явно не разговорная речь в устах Юлии, вызывающая сомнение в искренности и добровольности произносимого. И вообще у меня как у филолога по образованию — твердое ощущение, что текст — перевод с английского, причем не очень умелый. Типичная ошибка перевода с английского, например, когда в русском оставляют вспомогательный глагол, который у нас просто не нужен. Вот, например, я была выписана из больницы. По-русски – просто, без была: меня выписали из больницы. Не так ли? Но тут же опять: Моя жизнь была перевернута с ног на голову. Разве это по-русски — была перевернута? Да по-русски же — просто: моя жизнь перевернута. Я пытаюсь свыкнуться с невероятными изменениями в моей жизни — как физическими, так и эмоциональными — совсем не по-русски, громоздко и ненатурально, зато английский аромат прямо-таки прет. И вот дальше — ключевой момент: Я стараюсь жить сегодняшним днем и намерена помогать моему отцу до его полного восстановления. Полное восстановление — понятие дозируемое. И дозировать его будут британские спецслужбы. Они будут говорить Юле, полное это восстановление или нет. Понимаете? А вот как раз полное восстановление и есть в тексте Юлии Скрипаль условие возвращения. В дальнейшем я надеюсь вернуться домой в мою страну. Домой в мою страну — тоже не по-русски. Либо уж просто домой, либо в Россию, а домой в мою страну — это как-то уж совсем не по-нашему, криво. И дальше — мол, не приставайте. Я убедительно прошу всех уважать мою личную жизнь и личную жизнь моего отца. Нам необходимо время для полного выздоровления и принятия всего происшедшего. Принятие — профессиональный психологический термин, обозначающий финальную фазу работы горя. Уж точно не из обыденного лексикона. Юлия Скрипаль — географ по образованию. Кстати, изначальный английский текст даже англичанами распространен и аккуратно переписан рукой Юлии Скрипаль. Это не то, что чистый английский, это кристальный, изысканный british, оксфордский, явно от хорошо образованного носителя языка. Здесь британские спецслужбы на компромисс не пошли, но на этом же и прокололись. В общем, после заявления Юлии Скрипаль вопросов больше, чем ответов.;27.05.2018;;;;http://vesti7.ru/article/849827/episode/27-05-2018/;Fake;https://theins.ru/antifake/104296;Политика;;; 123;Минобороны: ни один ЗРК Вооруженных сил РФ не пересекал российско-украинскую границу;Ни один зенитный ракетный комплекс Вооруженных сил РФ никогда не пересекал российско-украинскую границу. Об этом заявили в Министерстве обороны РФ, комментируя выводы Совместной следственной группы по расследованию крушения Boeing в Донбассе летом 2014 года. Мы ознакомились с заявлениями, прозвучавшими на сегодняшней пресс-конференции представителей международной следственной группы по расследованию катастрофы 17 июля 2014 года в небе Украины малайзийского Boeing MH-17, - отметили в министерстве. - Минобороны России как в первые часы после трагедии, так и в дальнейшем официально опровергло инсинуации украинской стороны о якобы причастности российских военнослужащих к катастрофе в небе Украины и доводило соответствующие доказательства голландской следственной группе. В ведомстве подчеркнули, что российская сторона предоставила исчерпывающие доказательства причастности украинских ЗРК Бук к катастрофе самолета. Доказательства, отмечают в Минобороны РФ, подтверждены в том числе натурными испытаниями, однозначно указывающими на причастность именно украинских ЗРК. Кроме того, международной следственной группе были направлены все непрерывные первичные данные, которые были получены с трассового радиолокационного комплекса Утес-Т, который 17 июля 2014 года работал в Ростовской области, рядом с поселком Усть-Донецкий. В Минобороны подчеркивают, что приближение каких-либо воздушных объектов к самолету с восточной стороны, в том числе со стороны населенных пунктов Снежное или Первомайское, этот радар не обнаружил. Исключение показаний свидетелей В министерстве выразили озабоченность нацеленностью голландского следствия на обоснование своих выводов за счет использования только изображений из социальных сетей, подвергнутых искусной обработке компьютерными средствами графического редактирования. В ведомстве отметили, что часть использованных во время брифинга изображений, подготовленных украинскими спецслужбами, ранее неоднократно демонстрировались псевдорасследователями из Bellingcat. Эти фейки были опровергнуты российскими специалистами, подчеркивается в заявлении Минобороны РФ. Особо в ведомстве обратили внимание на то, что голландскими следователями абсолютно не учитываются и отвергнуты показания очевидцев из близлежащих к району катастрофы украинских населенных пунктов свидетельствующие о пуске ракеты с территории, подконтрольной украинским вооруженным силам. Многочисленные свидетели трагедии в небе Украины - не обезличенные изображения из социальных сетей, а конкретные люди, которые сделали свои заявления под запись, в том числе представителям европейских и американских СМИ, - заявили в министерстве. - Если международная следственная группа действительно заинтересована в установлении истинных виновников катастрофы пассажирского авиарейса MH-17 в небе Украины, ее представителям следует опираться в своих заявлениях прежде всего на факты и свидетельские показания, а не поделки фейкогенераторов из Bellingcat или СБУ. Катастрофа над Донбассом Пассажирский самолет Boeing-777 компании Malaysia Airlines, выполнявший рейс MH-17 из Амстердама в Куала-Лумпур, был сбит 17 июля 2014 года на востоке Донецкой области, погибли 283 пассажира и 15 членов экипажа - граждане 10 государств. Стороны вооруженного конфликта в Донбассе обвинили друг друга в причастности к трагедии. В Нидерландах была создана Совместная следственная группа (ССГ) для расследования случившегося. В четверг на пресс-конференции в Гааге глава национального уголовного подразделения полиции Нидерландов Вилберт Паулиссен заявил о том, что зенитная ракетная установка, с которой был произведен запуск ракеты, сбившей Boeing, могла быть завезена из России и принадлежать 53-й зенитной ракетной бригаде под Курском. В свою очередь голландский прокурор Фред Вестербеке отметил, что Совместная следственная группа (ССГ) значительно продвинулась в расследовании крушения MH-17 на Украине в июле 2014 года, однако пока не может сказать, кто и почему сбил Boeing.;24.05.2018;;;;https://tass.ru/armiya-i-opk/5230583;Fake;https://theins.ru/antifake/104106;Украина;;; 124;Мы выучили уроки: самая послушная страна ЕС извинилась перед Москвой;Москва готова продлить газопровод Турецкий поток в Болгарию. Россия может вернуться к проекту строительства атомной электростанции Белене. Об этом Владимир Путин рассказал после переговоров с болгарским премьером Бойко Борисовым. Оба крупномасштабных проекта София в свое время свернула, а сейчас об этом жалеет. Борисов прилетел в Россию вслед за президентом Болгарии, который был в Сочи на прошлой неделе. Путин жмет руку, а болгарский премьер раскрывает объятия, словно и не было многих лет прохлады в отношениях. Бойко Борисов, который сам ранее сделал все для того, чтобы проект Южный поток был сорван, а болгарская АЭС Белене так и не достроена, теперь в Кремле заявляет, и это прямые цитаты, — мы выучили уроки. Я несу вину за создание определенной напряженности. Спасибо, что нет злопамятности, — повинился премьер Болгарии Бойко Борисов. Болгария теперь просит Россию продлить вторую ветку Турецкого потока до своей территории, чтобы быть страной-транзитером газа в другие страны Европы. Метаморфозы, произошедшие с болгарским руководством, вряд ли стоит считать неожиданными. Все предельно ясно: в прошлые годы, следуя за сигналами и указаниями от руководства Евросоюза, Болгария наносила сама себе ущерб, но надеялась на ответную поддержку. Ущерб в итоге огромен, а вот никаких компенсаций от ЕС толком так и не поступало. И болгарский премьер сегодня красочно описал, что происходит. Мы самая лояльная, самая дисциплинированная страна в Европейском союзе, и в связи с этим нас обошли все Потоки. Я очень благодарен, что на нас не держат зла по этому поводу. Но старшие всегда больше прощают, — продолжил болгарский премьер-министр Бойко Борисов. Меня очень смущает — кто старше, кто младше, — имея в виду, что старшие вас все время побуждают к тому, чтобы заплатить. Но мы понимаем о чем идет речь, мы понимаем и болгарская сторона это прекрасно понимает, что при реализации проектов большого масштаба нужны гарантии, прежде всего финансовые гарантии. Общие потери Газпрома в связи с отказом от Южного потока составила примерно 800 миллионов евро. Списали это в убыток, — подчеркнул Путин в ответ. Так что Россия тоже учтет уроки, хоть и готова к возобновлению сотрудничества с Болгарией. Конкретных решений пока не принято, но детальное обсуждение началось. Это интересно и самим болгарам, и Москве. И поэтому работа будет вестись уже в конкретном плане, — добавил пресс-секретарь президента России Дмитрий Песков. Цена, объемы поставок — все еще предстоит обсуждать, учитывая в целом всю картину российских энергопоставок в Европу. Сейчас активно дискутируется вопрос строительства Северного потока-2. Сколько будет по нему поставляться? Вопрос, сколько мы сохраним транзита через Украину? А мы готовы сохранить украинский транзит. Тоже вопрос: сколько потребуется нашим потребителям сейчас и на ближайшую перспективу? Но то, о чем мы сегодня говорили с господином премьер-министром, это абсолютно реальные вещи, потому что работа по Турецкому потоку завершается, — добавил вопросов в диалог с Болгарией Владимир Путин. Может быть возобновлено и сотрудничество между Россией и Болгарией и по поводу АЭС Белене. Ситуация вокруг нее ранее тоже была доведена до абсурда болгарской стороной — блоки были изготовлены и доставлены в страну. И на этом все окончательно забуксовало. Теперь в Софии, наконец, поняли, что сотрудничество с Россией является слишком важным для страны. Только одна наша компания Лукойл проинвестировала свыше 3 миллиардов долларов. 25% доходной части бюджета Болгарии формируется за счет деятельности только одной российской компании. Мне кажется, это о многом говорит, — подчеркнул Владимир Путин. Болгария, впрочем, тоже в последние месяцы многократно сигнализировала, что не на словах, а на деле готова к реанимации отношений с Россией. И, к примеру, отказалась вслед за Евросоюзом высылать российских дипломатов. Затрагивался ли вопрос по так называемому делу Скрипаля? – поинтересовалась у президента России болгарская журналистка. Значит, про Скрипаля мы не говорили. Надеюсь, мы когда-нибудь составим предметную дискуссию по этому вопросу с британскими нашими коллегами, — рассчитывает глава российского государства. После нескольких лет полного отсутствия встреч на высшем уровне между президентами России и Болгарии, теперь контакты резко активизируются. Болгария пригласила Путина приехать с официальным визитом.;30.05.2018;;;;https://www.vesti.ru/doc.html?id=3023067&cid=5#;Fake;https://theins.ru/antifake/104709;Политика;;; 125;Малайзия считает обвинения против России по делу MH17 бездоказательными;Международное следствие не представило фактов, которые бы указывали на причастность Москвы к катастрофе, заявил министр транспорта страны Энтони Лок. Министр транспорта Малайзии Энтони Лок назвал обвинения против России по делу о крушении Боинга рейса MH17 бездоказательными, сообщает ChannelNews Asia. Представление доклада об обстоятельствах крушения лайнера Boeing 777 Malaysia Airlines (рейс MH17) на Востоке Украины.  По его мнению, следствие не представило материалы, свидетельствующие о причастности Москвы к трагедии. Ответственные (за расследование. — Прим. ред.) не имеют права просто взять и указать пальцем на Россию, — заявил Лок. Малайзийский Боинг-777, летевший из Амстердама в Куала-Лумпур, потерпел крушение 17 июля 2014 года под Донецком на востоке Украины. На борту находились 298 человек, в основном граждане Нидерландов, Малайзии и Австралии, все они погибли. Сразу после катастрофы Киев обвинил в катастрофе ополченцев. Те заявили, что не располагают средствами, которые позволили бы сбить воздушное судно на такой высоте. Причиной исчезновения в марте 2014 года малайзийского Boeing 777-200 могли быть действия пилота, считают зарубежные эксперты. Эту версию в эфире радио Sputnik прокомментировал генерал-майор, заслуженный военный летчик России Владимир Попов. На прошлой неделе международная следственная группа JIT представила промежуточные результаты расследования. По мнению экспертов, самолет сбили из ЗРК Бук, принадлежавшего 53-й зенитно-ракетной бригаде из Курска. В Минобороны России отметили, что выводы JIT основаны на непроверенной информации из соцсетей. Кроме того, следствие проигнорировало показания очевидцев и данные российской стороны. Российский МИД доклад международной группы назвал голословным. В Кремле подчеркнули, что Москва признает результаты работы JIT только в том случае, если будет допущена к расследованию.;31.05.2018;;;;https://tass.ru/mezhdunarodnaya-panorama/5253480;Half-Fake;https://theins.ru/antifake/104844;Украина;;; 126;В Минобороны раскритиковали подход голландских следователей к делу по MH17;Минобороны РФ выразило озабоченность нацеленностью голландского следствия по малазийскому Boeing на обоснование своих выводов за счет только изображений из социальных сетей. Международная следственная группа (JIT), занимающейся крушением рейса МН17 на востоке Украины, объявила промежуточные результаты расследованияВызывает озабоченность нацеленность голландского следствия на обоснование своих выводов за счет использования только изображений из социальных сетей, подвергнутых искусной обработке компьютерными средствами графического редактирования. Причем часть использованных в ходе брифинга изображений, подготовленных украинскими спецслужбами, ранее не раз демонстрировались псевдорасследователями из Bellingcat, — говорится в сообщении.Киев обвинил в катастрофе ополченцев, те заявили, что не располагают средствами, которые позволили бы сбить воздушное судно на такой высоте. В докладе международной следственной группы утверждается, что поразивший Boeing ЗРК Бук был якобы доставлен из России, а потом возвращен обратно. Москва заявила о предвзятости следствия, выводы которого основаны только на данных, полученных от Украины. Эксперименты концерна Алмаз-Антей, ведущего предприятия по производству систем ПВО, в том числе комплексов Бук, также подтверждают, что Boeing был сбит с территории, контролировавшейся украинской армией.;25.05.2018;16:07;;;https://ria.ru/20180524/1521267791.html;Half-Fake;https://theins.ru/antifake/103943;Украина;;; 127;В украинском Ковеле костями советских военнопленных штукатурили школу;В городе Ковель на западе Украины использовали в строительных и отделочных работах песок с останками расстрелянных нацистами советских военнопленных, пишет портал Украина.ру. Лагерь военнопленных Stalag 301 находился в Ковеле, на Брестской улице, в 1942-1944 годах. После освобождения в городе обнаружили массовые захоронения местных жителей и военнопленных. Часть территорий, где были расположены расстрельные ямы, раздали под застройку. Кроме того, некоторые местные бизнесмены набирали песок из карьера, в котором и рядом с которым находились массовые захоронения. Крупные кости просеивались, а мелкие оставались в песке. В течение всего 2017 года эту смесь использовали для строительства жилых домов, а также, как рассказал председатель Волынской областной организации ветеранов Украины Александр Булавин, для штукатурных работ в средней школе. Активисты-поисковики вызвали на стройки полицию, правоохранители зафиксировали наличие костей, однако делу ход не дали. Неоднократные обращения в органы власти ни к чему не привели. Тех, кто попытался раскрыть общественности глаза на этот бизнес, начали травить в местных СМИ. Их называли сепаратистами, Булавину и его единомышленникам ставили в вину то, что они приняли участие в форуме Великая Победа, добытая единством: подвиг партизан и подпольщиков в Великой Отечественной войне 25 апреля в Брянске.;18.05.2018;5:57;;;https://ria.ru/20180518/1520809532.html;Fake;https://theins.ru/antifake/103303;Украина;;; 128;Путин не увидел ничего необычного в законе о наказании за поддержку санкций против РФ;Президент РФ Владимир Путин заявил, что не видит препятствий для принятия закона, предусматривающего ответственность за выполнение антироссийских санкций. Насколько известно, в Европе такой закон есть. Наши коллеги из Брюсселя хотят активизировать этот закон для защиты интересов от так называемых трансграничных санкций со стороны США. Ничего не вижу необычного, если Россия примет аналогичный закон, - сказал Путин в пятницу на брифинге в Сочи по итогам переговоров с канцлером ФРГ Ангелой Меркель. Вместе с тем он отметил, что подобный закон должен быть сбалансированным, не должен наносить никакого ущерба нашей собственной экономике и тем партнерам, которые добросовестно работают в России. Я уверен, что так оно и будет. Как вы знаете, парламент отодвинул принятие этого закона для дополнительных консультаций с правительством РФ, которое сегодня только окончательно сформировано, - отметил президент. Законопроект введении уголовной ответственности за исполнение санкций иностранных государств на территории РФ, а также за содействие введению антироссийских санкций был внесен в Госдуму 14 мая, на следующий день он был принят в первом чтении.;18.05.2018;16:32;;;https://www.interfax.ru/russia/613323;Fake;https://theins.ru/antifake/103316;Политика;;; 129;Германия владеет формулой Новичка уже четверть века, сообщили СМИ;Немецкая разведка получила образец нервно-паралитического вещества Новичок в начале 1990-х годов и выяснила его формулу, пишет газета Zeit. По информации издания, пробу привез в Германию перебежчик, завербованный разведкой. Образец отравляющего вещества доставили в лабораторию в Швеции. Там планировалось провести анализ. Однако позднее, как отмечает газета, разведке и Вооруженным силам Германии передали только формулу вещества. По информации издания, текущее местонахождение пробы неизвестно. Правительство Швеции затруднилось сразу предоставить информацию на этот счет. После получения формулы Новичка Германия передала сведения партнерам по НАТО, некоторые из них стали производить отравляющий газ в небольших количествах, пишет газета. Правительство Германии не стало комментировать результаты журналистского расследования. Инцидент в Солсбери Бывшего разведчика Сергея Скрипаля и его дочь Юлию нашли 4 марта без сознания в центре британского города Солсбери. В Лондоне заявили, что россиян отравили нервно-паралитическим веществом Новичок, и обвинили в этом Москву. В России отвергли обвинения. По заявлениям МИД, исследования под кодовым названием Новичок никогда не проводились на территории СССР или России. С обвинениями Великобритании в адрес России также не согласилась Чехия. В мае президент страны Милош Земан заявил, что республиканское оборонное НИИ производило и испытывало отравляющее вещество А-230, которое военная разведка классифицировала как Новичок. В ответ на это глава парламентского комитета по международным делам Лубомир Заоралек заявил, что химвещество Новичок никогда не производилось и не складировалось в Чехии. Заоралек добавил, что Земан не относится к тем политикам, которых возглавляемый им комитет может вызвать на свое заседание.;16.05.2018;21:07;;;https://ria.ru/20180516/1520721092.html;Fake;https://theins.ru/antifake/103143;Великобритания ;;; 130;Хакеры Fancy Bears: в Швеции скрыли положительные допинг-пробы двух спортсменов;Хакерская группа Fancy Bears на своем сайте опубликовала ряд документов Шведского союза спортивных организаций (RF), из которых следует, что спортивные функционеры скрыли положительные допинг-пробы лыжника Бьорна Сандстрёма и легкоатлетки Марии Нильссон. В материалах отмечается, что Сандстрём и Нильссон в разное время сдали положительные допинг-тесты, которые показали наличие запрещенного препарата тербуталина (аналог сальбутамола, который назначается при лечении бронхиальной астмы и бронхита - ред.), однако в отношении спортсменов не последовало никаких расследований и санкций. Также сообщается, что, согласно информации из документов, подавляющая часть лыжников, горнолыжников и биатлонистов из Швеции используют терапевтические исключения, так как страдают хроническим воспалительным заболеванием дыхательных путей. По мнению хакеров, местные функционеры, чтобы отвести удар от шведского спорта, начали атаку на норвежских лыжников, выдав новость о десятках тысяч доз сальбутамола, которые сборная Норвегии брала с собой на Олимпийские игры-2018 в Пхенчхане.;14.05.2018;20:06;;;https://rsport.ria.ru/20180514/1136909016.html;Fake;https://theins.ru/antifake/102821;Политика;;; 131;Никакого сговора не было. Штаты не нашли связь между Трампом и Россией;Доказательств сотрудничества президента США Дональда Трампа с Россией нет, заявил в своем микроблоге Twitter глава Соединенных Штатов. Зато из доклада Комитета Конгресса по разведке, который опубликован сегодня, следует, что предвыборный штаб Хиллари Клинтон оплатил оппозиционные исследования, связанные с Россией. Трамп назвал это настоящей охотой на ведьм и призвал немедленно ее прекратить. Несмотря на это, Штаты продолжают считать, что Москва вмешивалась в выборы президента США. Авторы того же доклада обвиняют Россию в желании посеять хаос и раздор в ряде государств, особенно в Европе, странах Балтии и на Украине. Для этого Кремль якобы использует обширные медиаресурсы, хорошо подготовленных и опытных техников, а также сотрудников спецслужб, пишет агентство Интерфакс. Правда, о каких-то конкретных доказательствах пока ничего не сообщается. Есть только данные, что во время расследования были опрошены 73 свидетеля, проанализированы более 300 тысяч документов и 20 человек давали показания в суде. Вся эта информация должна помочь Соединенным Штатам предупредить неизбежные враждебные действия в будущем.;27.04.2018;19:49;;;https://www.vesti.ru/doc.html?id=3012053#;Half-Fake;https://theins.ru/antifake/101209;Политика;;; 132;Безвиз - всё? Евросоюз ужесточает правила въезда для граждан Украины, Грузии и Молдавии;Жителям Украины, Молдавии, Грузии и ряда других стран станет сложнее ездить в Европу. Как сообщает сайт Совета Евросоюза, послы ЕС уже одобрили изменение процедуры. Если Европарламент и Совет ЕС тоже скажут Да, то, минимум за 4 дня до поездки, гражданам, так называемых, третьих стран придётся заполнять заявление через интернет и платить сбор 7 евро. И это — еще не гарантия въезда. Право решить — пускать гостя в Евросоюз или нет — останется за пограничниками. То есть, по сути, безвизовый режим уйдёт в прошлое, отмечает телеканал Россия 24;03.04.2018;6:10;;;https://www.vesti.ru/doc.html?id=3013313&cid=9#;Half-Fake;https://theins.ru/antifake/101578;Политика;;; 133;Министр иностранных дел Канады пыталась скрыть, что ее дед был нацистом и связан с концлагерем «Аушвиц»;Фриланд, вероятно, пришлось в ”Аушвице“ особенно тяжело, потому что она знала: ее дед Михайло Хомяк был среди тех, кто в годы Второй мировой войны обслуживал нацистский режим, содействуя тому, что происходило в этом концлагере. Логично было бы посочувствовать нынешнему министру иностранных дел Канады — ведь внучка Хомяка не несет ответственности за его дела. Если бы не одно «но»: Христя Фриланд не просто старается скрывать прошлое своей семьи, она публично лгала об этом прошлом, что, вообще-то, для политика такого уровня еще недавно в западном мире считалось самоубийственным». На сайте «Первого канала» сюжет озаглавлен так: «Министр иностранных дел Канады пыталась скрыть, что ее дед был нацистом и связан с концлагерем ”Аушвиц“;11.05.2018;16:02;;;https://www.1tv.ru/news/2018-05-10/345295-ministr_inostrannyh_del_kanady_pytalas_skryt_chto_ee_ded_byl_natsistom_i_svyazan_s_kontslagerem_aushvits;Fake;https://theins.ru/antifake/102415;Политика;;; 134;Беглый химик в осадке: Григорию Родченкову уже не верят в Спортивном арбитражном суде;Григорий Родченков — закомплексованный подонок, а его показания против наших спортсменов — злонамеренная ложь. Это следует из мотивировочной части вердикта Спортивного арбитражного суда в Швейцарии по делу наших олимпийцев. Суд, напомню, не обычный. Суд, в котором не действуют элементарные нормы права вроде презумпции невиновности. Суд, который заранее считает тебя преступником, и ты должен доказывать обратное. И мы доказали;24.04.2018;21:00;;;https://www.1tv.ru/news/2018-04-24/344495-beglyy_himik_v_osadke_grigoriyu_rodchenkovu_uzhe_ne_veryat_v_sportivnom_arbitrazhnom_sude?start=auto;Fake;https://theins.ru/antifake/100737;Россия;;; 135;Исследование: Россия опередила США в рейтинге эффективности правительств;Россия опередила европейские страны и США в рейтинге эффективности работы правительств и заняла 16 строчку, говорится в совместном исследовании Gallup International и Ромир, которое есть в распоряжении РИА Новости. Глобальный опрос жителей планеты, посвященный итогам уходящего года и оценке гражданами деятельности правительств их стран проживания был проведен в ноябре-декабре 2017 года. На вопросы исследователей ответили почти 54 тысячи человек в 52 странах мира. Лидером в индексе правительств стали Филиппины, на второй строчке оказался Вьетнам, а замкнула тройку лидеров Индия. Среди европейских стран наиболее высоко оказались Албания (17 место), Сербия (18 место), Польша (21), Германия (24), Франция (25). США заняли в рейтинге 41 строчку. Замыкают список Хорватия, Япония и Латвия. В России почти каждый второй опрошенный (46%) согласен с оценкой действующего правительства как эффективного. Каждый третий россиянин (33%) считает, что власть уважает его мнение. И четверо из десяти респондентов (44%) согласны с тем, что правительство ведет страну в правильном направлении. На вопрос насколько вы согласны с утверждением, что вашему правительству подходит определение эффективное? наибольшее количество положительных ответов было зафиксировано на Филиппинах (78%), в Бангладеш (75%) и Вьетнаме (75%). Наименьшее количество согласившихся с этим суждением проживает в Латвии (3%), Японии (6%) и Хорватии (10%). Оценка выбранного правительством курса развития как правильного вновь оказалась наиболее высока на Филиппинах (79%), во Вьетнаме (76%) и Индии (74%). Стратегию развития страны, претворяемой в жизнь действующим правительством, в наименьшей степени разделяют жители Мексики (8%), ЮАР (8%) и Латвии (9%).;26.04.2018;3:35;;;https://ria.ru/20180426/1519429184.html;Fake;https://theins.ru/antifake/100924;Политика;;; 136;В Константинопольском патриархате ответили на обращение президента Украины по вопросу автокефалии УПЦ;Вселенский константинопольский патриархат ответил на запрос украинского президента Петра Порошенко о предоставлении Украинской церкви так называемой автокефалии, то есть, административной самостоятельности. Как там заявили, вынести подобный вердикт без согласования с другими православными церквями невозможно. Этого требуют многовековые традиции. Всего таких церквей пятнадцать, в том числе, Русская православная церковь, где идея Порошенко поддержки не находит. Таким образом, учитывая, что решение должно быть единогласным, задача для Киева становится едва ли выполнимой, считают аналитики. Так что Порошенко явно поторопился объявить о начале соответствующей процедуры.  На Украине есть Каноническая православная церковь, которая относится к Московскому патриархату. Ее представитель протоиерей Николай Данилевич заявил, что Константинопольский патриархат, ответственный за общеправославное единство, не сделает ничего, что этому единству может помешать.;23.04.2018;12:12;;;https://www.1tv.ru/news/2018-04-23/344393-v_konstantinopolskom_patriarhate_otvetili_na_obraschenie_prezidenta_ukrainy_po_voprosu_avtokefalii_upts;Half-Fake;https://theins.ru/antifake/100407;Украина;;; 137;Участников химической постановки в Думе напугали и накормили;Мы еще снимали, как дети в квартале были разбросаны: кто в машинах, кто рядом с машинами, кто под машинами. Все они были якобы погибшими. Их лица были желтыми. Мы снимали других людей, которых мы привезли с собою. Мы положили их на землю, брызгали водой, чтобы они выглядели так, как будто бы они действительно пострадали от химической атаки. Мы не смогли снять видео ни с первого, ни со второго, ни с третьего дубля. Пришлось много с ними поработать, чтобы вид у них был на самом деле очень болезненный. Нужно было добиться, чтобы было видно, что человек не играет, а на самом деле сильно болен и говорит правду. У нас это получилось только с пятого или даже с седьмого раза;22.04.2018;;;;http://vesti7.ru/article/827146/episode/22-04-2018/;Fake;https://theins.ru/antifake/100534;Сирия;;; 138;Великобритания выдвинула новую версию отравления Скрипалей: яд был жидким;Из Лондона приходят все новые версии того, как же были отравлены бывший полковник ГРУ и его дочь. Теперь на официальном уровне говорится: яд был жидким. Состоятельность этой версии, впрочем, ставят под сомнение химики. Указывают и на другие нестыковки. В руках противогаз, в сумке, видимо, костюм химзащиты. Военные эксперты дом Сергея Скрипаля изучали полтора месяца. И вот миссия выполнена. Время подводить итоги. Как писали британские газеты, всю информацию об отравлении Скрипалей журналистам дают только с разрешения спецслужб. Скотленд-ярд комментирует это дело крайне редко. Вот и в этот раз новые подробности сообщили не полицейские, которые расследуют дело. Заявление опубликовано на сайте департамента окружающей среды, продовольствия и сельского хозяйства. Смысл документа таков: специалисты проверили все потенциально опасные места, угрозы здоровью нет. Самую главную информацию представитель департамента британским журналистам сообщил лично. Он заявил, что отравляющее вещество было в жидком состоянии. Спикер департамента заявил: Чтобы отравить человека, необходим прямой контакт. Только малая доля вещества передается при каждом первичном контакте, и все меньше и меньше при вторичном и так далее. В этом виде яд почти не испаряется и может передаваться, только если дотронуться до отравленного человека или предмета. Это заявление журналисты трактуют, как им вздумается. Газета Times пишет: в жидком виде было нервно-паралитическое вещество «Новичок». Так в Британии называют целый класс химических соединений. На Западе ему присвоили обозначение А-234. Его разрабатывали в СССР. А значит, по версии Лондона, за отравлением стоит Россия. Правда, сами того не подозревая, британцы доказали полную несостоятельность своей же версии. Ведь А-234, по словам экспертов, в жидкой форме быстро разлагается и теряет свой эффект. «Применять его в жидкой форме практически невозможно, оно очень быстро испаряется, – отмечает эксперт по биологической химии, кандидат биологических наук Илья Духовлинов. – Как только начинаешь им пользоваться, то мгновенно происходит отравление всего вокруг сразу». Раньше говорили, что на дверную ручку дома Скрипаля нанесли ядовитый гель. Но и в этом случае А-234 никак не подходит. Одним из создателей этого вещества был Леонид Ринк. Он обращает внимание на то, что А-234 – фосфорорганическое боевое отравляющее вещество. После его применения у пострадавшего сужаются зрачки, делая человека слепым на длительное время. Однако, как известно, Сергей Скрипаль идет на поправку, а его дочь уже выписана из больницы. «С самого начала нас насторожило, почему они все при фосфорном отравлении говорят, что будут сильные умственные недочеты, – замечает профессор химии, доктор наук Леонид Ринк. – Они все говорили, что с башкой будет конец и так далее. Потому что для ФОСа это не характерно, зато характерно для BZ». BZ – это нервно-паралитическое вещество, которое стояло на вооружении США и Британии. По словам специалистов, BZ, в отличие от А-234, в жидком виде можно и транспортировать, и применять. Как установили эксперты швейцарской лаборатории, этим веществом и были отравлены Скрипали. Правда, почему-то их выводы не вошли в отчет ОЗХО. Швейцарские специалисты в пробах также нашли следы того самого А-234. Вещество было в чистом виде. Эксперт по химическому и биологическому оружию, бывший инспектор ООН в Ираке и Ливии Игорь Никулин считает, что такое в принципе невозможно: «Такое может быть, только если его добавили туда искусственно, уже после анализа. BZ – устойчивое вещество, а «Новичок» – не устойчивое. Получается, что устойчивое разложилось, а неустойчивое сохранилось полностью, да еще в идеальном состоянии. Любой химик скажет, что это невозможно». «Блокируя часть нервной системы, BZ приводит к тому, что начинает действовать другая часть нервной системы, которая приводит к появлению симптомов, которые могут напоминать действия амфетамина или кокаина, – заметил эксперт по химическому оружию, бывший инспектор ООН в Ираке Антон Уткин. – Это потеря ориентации, галлюцинации, вспышки агрессии, негативное поведение, сильная дезориентация человека и ступор». Эти симптомы объясняют и странное поведение пострадавших. Свидетели рассказывали, что Сергей Скрипаль ругался в ресторане из-за пустяка. А это цитата из интервью ВВС другого очевидца. Фрея Черч заявила, что пострадавшие выглядели так, словно они приняли наркотики: «Я проходила мимо скамейки, на которой сидели пожилой мужчина и девушка. Они странно себя вели – размахивали руками, смотрели куда-то вверх. Было понятно, что с ними что-то не так». Однако факты, которые противоречат официальной версии, в Британии стараются не замечать. В том же докладе департамента окружающей среды сказано, что специалисты проведут дезинфекцию в девяти местах, якобы зараженных отравляющим веществом. Такая формулировка крайне удивила российских дипломатов. В нашем посольстве считают, что власти королевства заметают следы постановочной провокации. Дипломаты задают логичный вопрос. В заявлении департамента сказано, что отравляющее вещество почти не испаряется и не исчезает со временем. Тогда почему, кроме одного полицейского и Скрипалей, больше никто не пострадал?;18.04.2018;12:03;;;https://www.1tv.ru/news/2018-04-18/344170-velikobritaniya_vydvinula_novuyu_versiyu_otravleniya_skripaley_yad_byl_zhidkim;Fake;https://theins.ru/antifake/100688;Великобритания;;; 139;После российских борцов посольство США отказало в визе приме Большого театра;Приме Большого театра Ольге Смирновой отказали в американской визе. Не может приехать в США и еще один участник балетной труппы – ее партнер японец Якопо Тисси. Они должны были выступить 16 апреля в Линкольн-центре в Нью-Йорке. В иммиграционной службе США заявили, что в отказе российской балерине на въезд в страну нет политического контекста. Линда Морс – представитель организаторов этого выступления – в комментарии изданию Page Six, однако, заявила, что такое решение могло быть принято по политическим мотивам. У меня нет никаких других догадок, кроме того, что они из России, — сказала Морс. Она также считает, что подобные действия американских властей могут вызвать негативную реакцию России. Ольга Смирнова сейчас считается балериной номер один в мире, и отказать ей в визе — это большой удар и тревожно, считает Линда Морс. Ранее сообщалось, что из-за отказа в американских визах не смогли приехать на соревнования в начале апреля и российские борцы. В том случае американское посольство сослалось на нехватку сотрудников.;19.04.2018;11:47;;;https://www.vesti.ru/doc.html?id=3008837&cid=9;Half-Fake;https://theins.ru/antifake/99886;Политика;;; 140;Эксперты ОЗХО не смогли начать работу в сирийской Думе из-за обстрела со стороны боевиков;В Сирии эксперты из Организации по запрещению химического оружия до сих пор не приступили к работе в городе Дума в Восточной Гуте. Поездка на место предполагаемой химической атаки сорвалась из-за обстрела со стороны боевиков. Но американский Госдепартамент обвинил Россию и Сирию в попытке затруднить доступ специалистов на место инцидента, который США и их союзники, не дожидаясь результатов расследования, использовали как повод для ракетного удара по арабской республике, а сейчас в упор не хотят замечать очевидные свидетельства того, что химическая атака была грубой постановкой. Более того, американские дипломаты предположили, что Москва и Дамаск зачищают место химической атаки, хотя, по словам экспертов, скрыть следы применения отравляющих веществ чрезвычайно сложно.  В российском МИДе подобные обвинения назвали чушью. Официальный представитель ведомства Мария Захарова подчеркнула, что как раз Россия заинтересована в миссии ОЗХО в Думе. Министр иностранных дел Сергей Лавров, в свою очередь, обратил внимание, что боевики, устроившие обстрел в городе, явно знали, что туда приедут представители ООН для подготовки работы инспекторов.  «Мы, конечно, озабочены тем, как целый ряд игроков пытается воспрепятствовать деятельности ОЗХО. Мы не сомневаемся, что в ОЗХО и в Гааге, и в ее выездных миссиях работают высокие профессионалы. Но мы также не можем исключать, потому что есть свидетельства о том, что этих экспертов, этих ученых пытаются использовать в политических целях», – заявил Сергей Лавров.;20.04.2018;9:03;;;https://www.1tv.ru/news/2018-04-20/344275-eksperty_ozho_ne_smogli_nachat_rabotu_v_siriyskoy_dume_iz_za_obstrela_so_storony_boevikov;Fake;https://theins.ru/antifake/100042;Сирия;;; 141;Американская коалиция атаковала заброшенные ангары;огда в Югославии, Ираке, Ливии, в прошлом году в сирийском Шайрате, да и сейчас ракетные удары всегда наносились в предрассветной темноте. Американцы и их союзники орудуют, как тать в ночи, пока люди в домах еще крепко спят. Подло! И эта аморальность в действиях, бесстыдство — вот, что самое опасное сейчас для всей сложившейся конструкции мира;15.04.2018;;;;http://vesti7.ru/article/823044/episode/15-04-2018/;Fake;https://theins.ru/antifake/99494;Политика;;; 142;В Минобороны РФ подтвердили уничтожение ПВО Сирии 71 крылатой ракеты из 103 в ходе атаки;Российские военные подтвердили, что армия Сирии уничтожила 71 из 103 крылатых ракет, которыми западная коалиция атаковала цели в субботу. Всего сирийскими подразделениями ПВО была уничтожена 71 крылатая ракета из 103 выявленных в воздушном пространстве республики, - заявил в понедельник официальный представитель Минобороны РФ генерал-майор Игорь Конашенков. По аэродрому Дювали применялось 4 ракеты - все сбиты. По аэродрому Думейр - 12 ракет, все сбиты. По аэродрому Блэй - 18 ракет, все сбиты. По аэродрому Шайрат - 12 ракет, все сбиты. По аэродрому Тифор - 2 ракеты, все сбиты. По аэродрому Меззе - 9 ракет, 5 сбито. По аэродрому Хомс - 16 ракет, 13 сбито, - отметил генерал. По научно-исследовательским объектам в районе населенных пунктов Барза и Джарамани, по нашей оценке, применено 30 ракет и управляемых авиабомб. Из них 5 было уничтожено сирийским средствами ПВО, - добавил он. Конашенков уточнил, что зенитный ракетно-пушечный комплекс Панцирь, ранее поставленный Сирии, также участвовал в отражении субботней атаки США и их союзников. Данный комплекс в ходе противовоздушного боя показал почти стопроцентную эффективность, - заявил он. По его словам, в отражении удара западной коалиции были задействованы сирийские комплексы советской разработки. В отражении этого ракетного удара сирийской правительственной армией использовались комплексы ПВО: С-200, С-125, Оса, Квадрат, Бук и Стрела. Хочу подчеркнуть, это комплексы советской разработки и произведенные более 40 лет в советское время, - заявил Конашенков. По его словам, комплексы ПВО, произведенные во времена СССР, показали очень высокую эффективность, несмотря на то, что поражаемые цели имели высокую скорость и очень небольшую эффективную отражающую поверхность. В ночь на 14 апреля США, Великобритания и Франция нанесли удары по ряду целей в Сирии. По территории САР выпустили более 100 ракет. По утверждению руководства этих стран, были атакованы объекты, связанные с производством химического оружия. США и их союзники считают удары по Сирии пропорциональным ответом на возможную химатаку в сирийском городе Дума, в которой они обвиняют власти Сирии. Дамаск обвинения отвергает.;16.04.2018;19:13;;;https://www.interfax.ru/world/608786;Half-Fake;https://theins.ru/antifake/99601;Сирия;;; 143;В Амстердаме поставили будку самоубийств;На выставке похоронной индустрии в Амстердаме продемонстрировали прототип машины для самоубийств. Об этом сообщает издание South China Morning Post. Приспособление сконструировали голландский дизайнер Александр Баннинк (Alexander Bannink) и австралийский активист Филип Ничке (Philip Nitschke), который много лет боролся за легализацию эвтаназии. Машина состоит из основания, скрывающего резервуар с азотом, и съемной капсулы, куда ложится самоубийца. «Он или она почувствуют легкое головокружение, затем быстро потеряют сознание и умрут», — объясняет Ничке. Изобретатели надеются построить действующий образец к концу года. На выставке представлен только макет и виртуальный тур, который помогает представить себя на месте человека, который забрался в капсулу. Ничке и Баннинк планируют выложить в интернет все чертежи и другую информацию, необходимую для самостоятельного изготовления будки. В 1996 году Филип Ничке добился легализации эвтаназии на Северной территории в Австралии. Власти страны быстро отменили закон, однако к тому времени четыре человека уже ушли из жизни с его помощью. В 2008 году сообщалось, что в Германии разработана машина для самоубийств, которая позволит самовольно уйти из жизни тяжело больным жителям стран, где запрещена эвтаназия. Разработку поддержал немецкий политик, врач Роджер Куш (Roger Kusch).;17.04.2018;7:03;;;https://lenta.ru/news/2018/04/17/suicidepod/;Truth;;Технологии;;; 144;Белые каски даже не заботятся о достоверности: очередной вброс фабрики фейковых новостей;Очередной вброс Белых касок, как доказательство химической атаки в Думе, сделан по всем канонам плохосрежиссированной фальшивки. Это стандартные приемы, на которых псевдо-волонтеров ловили уже неоднократно. Проанализируем новые кадры. Дергающаяся камера, но при этом много крупных эмоциональных планов. Больница. Якобы жертв химатаки обильно поливают из шлангов. Дети дрожат — мокрые и раздетые вполне могли и просто замерзнуть. Некоторые то ли без сознания, то ли мирно спят. Младенцам чем-то брызгают в рот, те ожидаемо морщатся и пытаются это выплюнут обратно. О том, что боевики готовят очередную химическую провокацию, Россия предупреждала на самом высоком уровне. Неделю назад в Анкаре Владимир Путин даже объяснил, почему провокация будет именно сейчас. В качестве общей стратегической цели видим окончательный разгром террористов, которые не оставляют попыток дестабилизировать ситуацию на земле, пытаются сорвать усилия по продвижению мирного процесса. В ход идут любые средства. Нами получены, например, неопровержимые доказательства подготовки боевиками провокаций с использованием отравляющих веществ, — заявил тогда президент России. Примерно месяц назад в Сеть попали фотографии предположительно из съемочного павильона Белых касок в Восточной Гуте. Здесь есть костюмерная и гримерка: бутафорские человеческие конечности, бутылка с киношной кровью, грим для нанесения ран. На другой фотографии — один из белокассочников щедро обрабатывает детей строительной пылью, чтобы они выглядели как вытащенные из-под завалов жертвы бомбардировок. Но нас на этой фотографии заинтересовала другая деталь — кино-хлопушка с надписями на арабском. Сверху разборчиво: Национальная киноорганизация. Это реальная сирийская кинокомпания, снимающая документальные фильмы. Мы нашли их съемки от 5 апреля — хлопушка выглядит совсем иначе. На нашей с фото почему-то ни названия фильма, ни даты съемок. На нижней строчке: крайне неразборчиво имя режиссера Наждат Анзур. В прошлом это действительно известный сирийский кинодеятель, а до недавнего времени — председатель парламента Сирии. То есть Белые каски свой обман беззастенчиво смакуют и сами делают все, чтобы быть разоблаченными. Каски, похоже, особо и не скрывают, что являются фабрикой фейков — кто-то даже называет их пиар-отделом сирийского филиала Аль-Каиды (организация запрещена в России). Но не позорно ли Соединенным Штатам основывать свои обвинения в адрес Дамаска и Москвы на таких некачественных фальшивках? Впрочем, Белые каски для этого и созданы. Они, если помните, финансируются Великобританией и США. Хорошо, если жертвы подставные и умирают только для картинки. Год назад правозащитная организация врачей из Швеции обвинила Белые каски в убийстве детей ради реалистичных кадров. На очевидный прокол авторов новой постановки сегодня обратил внимание и глава МИД России Сергей Лавров. Многие видели здесь эти кадры, когда детей, взрослых поливают обильно водой из ведер, причем делают это люди, которые никак ничем не защищены от возможного воздействия того вещества, от которого пострадали те, кому они оказывают помощь. Это все очень напоминает и кадры годичной давности, когда так называемые Белые каски, которые доказали уже свою жульническую природу, без каких-либо специальных средств защиты работали с воронкой, которая, по утверждению этих же Белых касок, образовалась в результате сбрасывания бомбы с зарином, — напомнил глава российской дипломатии. Год назад в Идлибе — идентичные кадры. Больница, дети. Только от зарина их зрачки должны были бы быть сужены. Но кустарным сценаристам и их хозяевам такая проработка деталей, видимо, показалась излишней.;09.04.2018;20:43;;;https://www.vesti.ru/doc.html?id=3005126#;Fake;https://theins.ru/antifake/98684;Политика;;; 145;Очередная провокация: пресловутые «Белые каски» распространили видео, на котором якобы химатака сирийской армии на мирных жителей; Жертвы для массовки. Очередная фальшивка боевиков» так: «Очередную грязную фальшивку состряпали «Белые каски» — одиозная организация, которая, прикрываясь гуманитарными миссиями, помогает террористам. В ролике якобы последствия химической атаки сирийской армии При этом в Вашингтоне даже не попытались проверить подлинность видеозаписи. Кадры, на первый взгляд, действительно чудовищные: отравленные дети, они без сознания, трубки в носу, их поливают водой. Вот только снова на людях, которые якобы оказывают помощь детям, отравленным боевым хлором, нет никакой специальной защиты Специалисты по военному делу многократно подчеркивали, что Башару Асаду, чьи войска и так одерживают одну победу за другой, нет никакого смысла применять химическое оружие, даже если бы оно у него было». Присоединяется к нему и ведущий «Вестей недели» Дмитрий Киселев, который в остальном не особенно утруждает себя поисками аргументов и просто голословно заявляет о безосновательности обвинений в адрес режима Асада: «Ну что здесь сказать. У сирийской правительственной армии точно нет мотива делать такое. «Зачистка» Восточной Гуты, что под Дамаском, и так идет успешно. Зачем Башару Асадау химические скандалы?;08.04.2018;21:30;;;https://www.1tv.ru/news/2018-04-08/343673-ocherednaya_provokatsiya_preslovutye_belye_kaski_rasprostranili_video_na_kotorom_yakoby_himataka_siriyskoy_armii_na_mirnyh_zhiteley;Fake;https://theins.ru/antifake/98550;Сирия;;; 146;В британских газетах появились новые версии отравления Сергея Скрипаля: боевая гречка и дрон-убийца;В деле Скрипалей появились новые, прямо скажем, шокирующие подробности. Английская пресса работает. Сообщает об утечках. Если ей верить — а как иначе, это же самая объективная пресса в мире — в последние дни обсуждаются две основные версии.  Первая — Скрипали отравились гречкой. Разумеется, отравленную гречку доставили из России. Откуда ж еще? И доставила ее подруга Юлии Скрипаль. Версия, как принято говорить, рабочая. Эмигрантам всегда хочется гречки. Правда, версию с газом придется корректировать. Как вредный аэрозоль может удержаться в гречке? Неясно. Видимо, в России разрабатывается особый вид боевой гречки. Специально для травли шпионов «По традиции со ссылкой на анонимные источники в полиции газета сообщила, что Сергей Скрипаль попросил свою дочь привезти ему c родины поесть гречку, а также лавровый лист и другие специи. Но Юлия забыла и передала просьбу своей знакомой, которая якобы прилетела с мужем другим рейсом»;02/04/0218;21:15;;;https://www.1tv.ru/news/2018-04-02/343370-v_britanskih_gazetah_poyavilis_novye_versii_otravleniya_sergeya_skripalya_boevaya_grechka_i_dron_ubiytsa;Fake;https://theins.ru/antifake/97564;Политика;;; 147;Отвлекающие маневры: Лондон переобувается в воздухе, но не сдается;Лондон переобулся в воздухе: МИД Великобритании удалил из Twitter сообщение от 22 марта, в котором однозначно называет Россию виновной в отравлении Скрипаля. Кто это заметил и какие сделал выводы? Кажется, у кого-то серьезные проблемы. Британские СМИ изощряются в линчевании Бориса Джонсона, а бывший член парламента Джордж Гэлловей и вовсе призывает его уйти в отставку из-за унизительного положения. Что же случилось? Все очень просто: главу Форин-офис попросили ответить за свои слова. - Как удалось установить вещество так быстро? У Британии были его образцы? - Люди из Портон-Даун, они были абсолютно категоричны. Я спрашивал: Вы уверены? А они: Без сомнений. Так что у нас не было другого выбора, кроме как сделать то, что мы сделали. Проблема в том, что специалисты военной лаборатории Портон-Даун заявили, что так и не смогли установить, откуда именно пришел яд. Получается: Борис Джонсон выдал желаемое за действительное. Борису Джонсону придется ответить на серьезные вопросы. Он заявил на весь мир абсолютно категорично то, во что верит только он сам, а не то, что подтверждено доказательствами, — заявил лидер Лейбористской партии Джереми Корбин. А тут, как нельзя кстати, и еще один крайне неудобный для британских дипломатов эпизод. Из рубрики – подчищать следы. С одной поправкой: тайно сделать это не получилось. Форин-офис решил удалить твит от 22 марта. Тот самый, где также было сказано, что специалисты научной лаборатории Портон-Даун абсолютно уверены: нервно-паралитическое вещество, которым отравили Скрипалей, произвели в России. И это – тоже на первых полосах британских газет. Ну просто напёрсточники натуральные! Сейчас опубликовали твит, потом сделали миллион ретвитов, потом прошло время — его удалили. Начнется потом, что не так поняли, на самом деле, мы же говорили — highly likely (весьма вероятно), — возмутилась официальный представитель МИД РФ Мария Захарова. Самое удивительное: МИД Великобритании, комментируя удаленный твит и слова Бориса Джонсона, стоит на своем – всё это ничего не меняет. Лондон с партнерами точно знают, что это Россия, и здесь не может быть никаких сомнений. Адресатом этого отвлекающего маневра, скорее, было как раз само британское общество, которое, как все хорошо знают, как было расколото в 2016 году, когда проводился референдум по Brexit, так и осталось расколотым, — отметил постоянные представитель РФ при ЕС Владимир Чижов. Впрочем, как выяснилось, сплотить британское общество вокруг старого доброго шпионского скандала — снова не удалось.;05.04.2018;9:24;;;https://www.vesti.ru/doc.html?id=3003456&cid=9#;Fake;https://theins.ru/antifake/97964;Великобритания;;; 148;Лондон уничтожает улики: животных Скрипалей сожгли ;Странная ситуация сложилась с домашними животными Сергея Скрипаля, отметила официальный представитель МИД России Мария Захарова. При этом Захарова подчеркнула, что и кота, и морских свинок кремировали. То есть, Лондон фактически уничтожил улики. Животные, как написала Захарова в своем Facebook, могли стать важной уликой в деле об отравлении химвеществом. Якобы животных сотрудники Скотланд-Ярда не заметили, когда проводили обыски в доме Скрипаля, сообщает Интерфакс. В результате морские свинки умерли от обезвоживания, а кота усыпили по причине того, что он впал в стресс. При этом Мария Захарова добавила, что о домашних животных в доме Скрипаля в Солсбери знали журналисты Би-би-си. Но они по каким-то причинам эту информацию скрыли. Хотелось бы получить разъяснения, — отметила Мария Захарова. Российское посольство в Лондоне направило официальный запрос с просьбой предоставить информацию о состоянии животных в Форин-офис. Комментировать ситуацию вокруг погибших домашних животных Сергея Скрипаля представитель Столичной полиции Лондона отказался. О доказательствах, которые якобы подтверждают ответственность России за отравление экс-полковника ГРУ Сергея Скрипаля и его дочери, не смог ответить радиостанции Deutschlandfunk посол Великобритании в ФРГ Себастьян Вуд. Сначала он изложил уже избитую версию о том, что в России якобы когда-то разрабатывалось вещество, аналогичное тому, каким отравили Скрипалей. Затем заявил, что в Лондоне пришли к ясному заключению с высокой долей вероятности, что это было нападение по поручению российского государства. На вопрос, почему британцы не обнародуют доказательства российской причастности к отравлению Сергея и Юлии Скрипаль, дипломат заявил о солидарности европейских союзников и об ответственности в защите граждан. Мы поделились нашими доказательствами с нашими союзниками. Они нашли их убедительными, — сказал Вуд, видимо, имея ввиду ту презентацию из шести слайдов, которую продемонстрировали в московском посольстве Великобритании дипломатам других стран, а также распечатку которого продемонстрировал постпред России при ООН на Совете Безопасности в Нью-Йорке в качестве образца недалекой пропаганды. 4 марта осужденный в России за шпионаж в пользу Великобритании 66-летний экс-полковник ГРУ Сергей Скрипаль и его 33-летняя дочь Юлия были госпитализированы. Их нашли без сознания на лавочке у торгового центра в Солсбери. Москва свою причастность к отравлению Скрипалей отрицает. Более того, разработки вещества Новичок ни в СССР, ни в России не велись.;06.04.2018;12:35;;;https://www.vesti.ru/doc.html?id=3003986&tid=111662;Fake;https://theins.ru/antifake/98114;Великобритания;;; 149;Захарова назвала уничтоженных животных Скрипаля важными свидетелями;Официальный представитель МИД Мария Захарова прокомментировала появившуюся в СМИ информацию о гибели домашних животных Сергея Скрипаля. Кстати, а у них вообще пресс-службы госорганов работают? Почему всё сливается в виде комментариев неназванных источников?. Так вот, оказалось, что домашних животных Скрипаля в виде двух морских свинок и кота в живых уже нет. Это только на первый взгляд повод для очередной порции шуток — убрали важных свидетелей. А на самом деле это действительно важные свидетели, раз речь идёт о химическом отравляющем веществе, которое, по целому ряду версий, могло быть применено в доме Скрипаля, — написала Захарова. Ссылаясь на данные британской газеты, которую она не называет, дипломат отметила, что морские свинки умерли от обезвоживания, потому что их не забрали из дома. Британские эксперты по отраве вовремя переобулись. Чтобы избежать лишних вопросов. Ведь они могут появиться и к ним. Уж коль база по производству ядов – в семи километрах от скамейки, на которой нашли отравленных. То есть как? Обыск был, а животных не заметили? Не заметили питомцев человека, который был отравлен нервно-паралитическим газом?!!, — задалась вопросом Захарова. С котом поступили, опять же, как следует из прессы, иначе (другого слова подобрать не могу). Якобы его (правда никто не знает, на какой день) доставили в ту самую лабораторию Портон-Дауна, а потом… усыпили, — написала она. Почему усыпили? Ответ — потому что кот был в стрессовом состоянии, так как его тоже не заметили при обыске. Так обычно в Великобритании поступают с домашними животными? Это нормальная практика?, — пишет на своей странице Захарова. Она отметила, что, по данным издания, и морских свинок, и кота кремировали. Другими словами, уничтожили, хотя животные могли стать важной уликой в деле об отравлении химвеществом, — уточнила она. По нашим данным, о том, что в доме оставались домашние животные, знала телекомпания BBC, но по каким-то причинам эту информацию скрыла. Хотелось бы получить разъяснения, — отметила официальный представитель МИД России. При этом она не исключила, что, возможно, это просто совпадение. Но опыты с нервно-паралитическим газом в Портон-Дауне ставились именно на морских свинках (за 40 лет в лаборатории данные исследования проводились на 3400 этих животных), — указала Захарова. Четвертого марта бывшего полковника ГРУ Сергея Скрипаля и его дочь Юлию нашли без сознания в центре города Солсбери. В Британии утверждают, что Скрипаля отравили веществом, разработанным в рамках советской программы Новичок. При этом в СССР проекта с таким названием не существовало, а в обозначении системы использовали цифры. Название же Новичок зарубежные СМИ растиражировали с подачи советского ученого Вила Мирзаянова, который вообще не имел отношения к разработке химического оружия.;06.04.2018;12:09;;;https://ria.ru/20180406/1518059051.html;Fake;https://theins.ru/antifake/98114;Великобритания;;; 150;«Упражнения в демократии»: Симоньян связала прекращение вещания RT в Вашингтоне со статусом иноагента;Телеканал RT с 1 апреля прекратит вещание в Вашингтоне. Об этом сообщает Bloomberg. По данным агентства, это связано с тем, что распространители сигналов продали свои права на телевизионные частоты. При этом телеканал продолжит работу в Вашингтоне на других платформах. В России полагают, что причина возникших проблем — признание RT иностранным агентом в США. Главный редактор канала Маргарита Симоньян напомнила: Соединённые Штаты обещали, что новый статус не повлияет на работу медиа. В Госдуме и Совете Федерации осудили политику Вашингтона по отношению к российскому СМИ. Компания-провайдер, транслировавшая эфир RT в Вашингтоне, убрала телеканал из сети вещания. Вещание RT в американской столице прервётся в ночь на воскресенье, 1 апреля. Об этом сообщает агентство Bloomberg. Отмечается, что это связано с прекращением работы двух телевизионных станций — WNVT и WNVC, которые обеспечивали ретрансляцию в районе Вашингтона более десятка иностранных телеканалов. Владелец телестанций продал на аукционе свои права на эти телевизионные частоты для использования компаниями беспроводной связи. Контент для WNVT и WNVC предоставляет компания MHZ Networks, которая занимается программами иностранных телекомпаний, в том числе RT, немецкой Deutsche Welle, французской France 24, турецкой TRT и других. По словам главы компании MHZ Networks Фредерика Томаса, компания не смогла найти способа, позволяющего продолжить их передачу в эфир. Он также отметил, что происходящее связано с аукционом.  Как сообщает Bloomberg, канал также перестанет быть доступным по кабельному телевидению. В действительности, WNVT и WNVC отключили эфирное вещание RT в Вашингтоне ещё 2 февраля 2018 года. Руководство MHz Networks уведомило RT, что вещание было прекращено по требованию владельцев WNVC/WNVT. Из-за прекращения вещания в эфире WNVC/WNVT RT потерял доступ к кабельным каналам в Вашингтоне к 1 апреля 2018 года. Главный редактор RT Маргарита Симоньян считает, что прекращение вещания канала в Вашингтоне связано с его статусом иноагента в США. ;30.03.2018;10:47;;;https://russian.rt.com/world/article/498117-rt-prekraschenie-veschaniya-vashington;Half-Fake;https://theins.ru/antifake/97150;Политика;;; 151;Мини-Наполеон. Откосивший от армии Макрон вернул Франции военный призыв;К отрицательным сторонам программы Аничкин относит, как ни странно, практически те же факторы. По его словам, перспектива загреметь в армию, пусть даже на смехотворно короткий срок, у французской молодежи давно непопулярна. В 1990-е от службы косили по здоровью или благодаря протекции влиятельных родственников. Сам Макрон, родившийся в 1977-м и числившийся призывником на протяжении нескольких недель, послужить не успел — воспользовался отсрочкой для окончания учебы.;28.02.2018;8:00;;;https://ria.ru/20180228/1515366049.html;Fake;https://theins.ru/antifake/93430;Политика;;; 152;;: «Украине пришлось закупить газ из Европы по цене, в четыре раза превышающей российское предложение на «голубое топливо»» Десятилетиями политический бомонд Украины вёл народ к обрыву. Вёл радостно, раздавая бесплатный чаёк и печенья, обещания и проклятия в адрес России. И ведь они никогда на расскажут своему народу, что Европа считает Россию надежным энергопартнером, а в охваченные стихийным бедствием районы США не так давно был поставлен российский сжиженный газ. Не расскажут, потому что тогда украинцы очнутся и посадят своих правителей на кол. Всех на один.;05.03.2018;;;;https://www.facebook.com/maria.zakharova.167/posts/10216071598532433;Fake;https://theins.ru/antifake/94086;Украина;;; 153;ФСБ возбудила дело о хищении 45 млн в Малом драмтеатре Петербурга;ФСБ раскрыла хищение 45 млн рублей в Малом драматическом театре в Санкт-Петербурге, возбуждено дело о мошенничестве. Поделитесь этой новостью Сообщается, что задержаны несколько фигурантов. Они подозреваются в хищении денежных средств в особо крупном размере, выделенных из бюджета на проектирование новой сцены Академического Малого Драматического театра — Театра Европы. Из сообщения ФСБ: «По полученной информации, указанными лицами было похищено и присвоено не менее 45 миллионов рублей». Возбуждено уголовное дело по статье «Мошенничество». В отношении задержанных решается вопрос об избрании меры пресечения, передает РИА Новости. Строительство новой сцены МДТ должно быть завершено к концу 2019 года. Общая площадь нового здания должна составить 23 тыс. кв. м, сцена будет семиэтажной. Внутри предполагается также возведение сцены-трансформера на 600 мест и камерной сцены на 75 мест, а также репетиционные, технические, складские и другие помещения. Общая сумма контракта превышает 2 млрд рублей. Художественным руководителем Малого драматического театра более 30 лет является народный артист РФ и лауреат нескольких государственных премий Лев Додин. В 1998 году МДТ присвоен статус Театра Европы. Здание театра располагается в центре Петербурга на улице Рубинштейна.;21.02.2018;9:40;;;https://www.ntv.ru/novosti/1984003/;Fake;https://theins.ru/antifake/92593;Общество;;; 154;Снайперами на Майдане руководили нынешние власти Украины;В МИД был вызван временный поверенный в делах Украины в Москве. Ему пришлось объясняться за погромы, которые накануне устроили националисты в Российском культурном центре, офисе Россотрудничества и филиалах российских банков. Так радикалы начали отмечать годовщину Майдана. Новые доказательства преступлений четырехлетней давности сегодня были представлены в Москве. Цель — как протестующие, так и силовики. — Он это прямо сформулировал? — Задачу поставил именно так. Стрелять по 2-3 выстрела, не палиться, не светиться, — говорит Александр Ревазишвили, бывший грузинский военный. Это фрагмент фильма-расследования российских журналистов. Те самые грузинские снайперы, которые четыре года назад стреляли на Майдане. На этот раз все равно, что официально дают свидетельские показания, все факты внесены в протокол, подписаны и отправлены в украинский суд. Из показаний ясно, что они были свидетелями стрельбы — раз, что им приказывали стрелять — два, и что им принесли оружие — три. Вот это абсолютно точно ясно и из интервью, и из протокола допроса, — уверен Андрей Веселов, автор расследования. Из показаний ясно, что они были свидетелями стрельбы — раз, что им приказывали стрелять — два, и что им принесли оружие — три. Вот это абсолютно точно ясно и из интервью, и из протокола допроса, — уверен Андрей Веселов, автор расследования. Слова свидетелей подтверждает бывший высокопоставленный военный. Бывший командир батальона грузинской армии Аваза генерал Тристан Цителашвили лично знаком со всеми фигурантами — собрал материалов на полноценное уголовное дело. Люди, которые там выполняли приказы Саакашвили, Парубия, который сейчас спикер украинского парламента, и Сергея Пашинского. Потом они же исчезали бесследно, чтобы скрыть факты, — рассказал он.;19.02.2018;20:26;;;https://www.vesti.ru/doc.html?id=2989052&cid=5#;Fake;https://theins.ru/antifake/92440;УКраина;;; 155;США планируют нанесение удара из космоса Жезлом Бога, считает эксперт;США, в отличие от России, имеют проекты использования космического пространства в военных целях в рамках концепции мгновенного глобального удара, в частности, планируют сбрасывать с орбиты на Землю стержни из твердотельных сплавов под названием Жезл Бога, считает военный эксперт информационно-аналитического журнала Арсенал Отечества Алексей Леонков. Помощник президента США по национальной безопасности Герберт Макмастер заявил в среду, что США наращивают финансирование оборонных возможностей в космическом пространстве и должны быть готовы к войне в космосе, хотя и не хотят ее. По его словам, напряжение в космическом пространстве растет по вине противников Соединенных Штатов, хотя он не назвал конкретные страны. Ранее США заявляли, что Китай и Россия наращивают усилия по военному использованию космоса. Макмастер отметил, что предложенный президентом США бюджет на 2019 финансовый год предполагает увеличение финансирования космических оборонных возможностей более чем на 1 миллиард долларов и более чем на 8 миллиардов в последующие пять лет. Россия против милитаризации космоса и предлагала американцам договор, который бы закрепил за космосом статус, как и Антарктиды, пространства без оружия. Но американцы с положениями этого договора, со многими пунктами, были не согласны. Россия пока ничего военного в космос выводить не собирается, и таких программ не ведется. Таких разработок, как делают сейчас американцы, нет. У США есть несколько проектов милитаризации космоса в рамках концепции мгновенного глобального удара, — сказал Леонков. По его словам, США хотят вывести на орбиту такие аппараты, которые на Землю будут сбрасывать стержни из твердотельных сплавов под названием Жезл Бога. Они рассчитывают, что если сбросить эти стержни россыпью на такой населенный пункт, к примеру, как Москва, то, когда они полетят со скоростью до семи километров в секунду, получится кинетический удар. При этом, в отличие от ядерного взрыва, не будет никаких ионизирующих заражений, а будут масштабные разрушения. Понятно, что такую штуку сбить практически невозможно, потому что ни одна система ПВО в мире еще ни разу не сбила метеорит, — отметил эксперт.  Он добавил, что американцы работают над авиационно-космическими системами, которые будут стартовать с самолетов и выходить на орбиту. Засечь такую систему с помощью системы предупреждения о ракетном нападении достаточно сложно. Летает огромное количество самолетов, и засечь, с какого именно система вышла в космос, мы пока еще не умеем. Может быть, научимся, — заключил Леонков.;22.02.2018;11:23;;;https://ria.ru/20180222/1515115180.html;Fake;https://theins.ru/antifake/92760;США;;; 156;Русофобия в законе;Украинские неонацисты, существующие при попустительстве и поощрении нынешних местных властей, ворвались в субботу на территорию Российского центра науки и культуры в Киеве (украинский филиал Россотрудничества) и устроили погром в здании, имеющем экстерриториальный статус. В этот момент там проходила репетиция детской театральной студии - маленькие киевляне готовили постановку гоголевского Ревизора. тветственность за погром взяли на себя группировка С14 (анаграмма украинского слова сечь) и запрещенный в России Правый сектор. Боевики - около трех десятков, взломали двери во все кабинеты, используя дисковую пилу, разгромили выставку, посвященную Федору Шаляпину, исписали стены антироссийскими лозунгами, в том числе призывами убивать русских, растоптали российский флаг. Против людей, находившихся в тот момент в здании, физическое насилие не применялось, хотя соответствующие угрозы звучали, в том числе в адрес детей возрастом от 5 до 15 лет, - их вывели из здания, осыпая оскорблениями. Погром проходил под наблюдением полиции и при полном ее непротивлении боевикам. Защитником погромщиков при этом выступал депутат парламента, заместитель главы фракции Радикальной партии и близкий друг ее лидера Ляшко Андрей Лозовой. Полиция оперативно среагировала, приехала. Они активно не вмешивались в развитие событий и не препятствовали нанесению материального ущерба, - так описал поведение правоохранителей глава киевского филиала Россотрудничества Константин Воробьев. По его словам, полиция ограничилась устным предупреждением погромщикам и пообещала другой разговор при повторении погрома. В том, что российская дипломатическая собственность будет вновь атакована, у украинских силовиков, судя по всему, сомнений нет. Не случайно сразу после нападения полиция разорвала договор об охране здания Российского культурного центра в связи с форс-мажорными обстоятельствами. Уже утром в воскресенье его офис остался без охраны. ;18.02.2018;19:00;;;https://rg.ru/2018/02/18/ofis-rossotrudnichestva-v-kieve-razgromlen-po-zakazu-ukrainskih-vlastej.html;Fake;https://theins.ru/antifake/92323;Украина;;; 157;Толстой: конгрессмены США приняли аргументы РФ в пользу закона Димы Яковлева;Конгрессмены США на одной из встреч приняли аргументы российской стороны, касающиеся необходимости принятия закона О мерах воздействия на лиц, причастных к нарушению прав граждан РФ, известного как закон Димы Яковлева. Об этом в понедельник рассказал вице-спикер Госдумы Петр Толстой на встрече со студентами РГГУ, отвечая на один из вопросов. Политик назвал закон Димы Яковлева абсолютно правильным, человечным и своевременным, выразив уверенность в том, что для его отмены нет причин. По словам депутата, в России, начиная с 90-х годов, фактически работал рынок усыновлений, когда ребенка можно было купить за деньги и вывезти из страны в неизвестном направлении. Я как раз это считаю неправильным, ненормальным и противоречащим здравому смыслу и интересам РФ, - сказал парламентарий. Он подчеркнул, что закон принимался не назло американцам, а потому что США единственные и в одностороннем порядке решили, что могут не предоставлять данные о судьбе усыновленных детей и условиях их содержания в семьях в российские органы опеки, в отличие от других стран. Как-то американские конгрессмены задали нам вопрос о возможности отмены закона Димы Яковлева. Но когда мы им объяснили, почему он был принят, что вина в этом исключительно американской стороны, они приняли наши аргументы, - рассказал Толстой. Он добавил, что в России за последние годы кратно увеличилось число усыновлений внутри страны, а также практически удалось ликвидировать целую индустрию по усыновлению. Но, так или иначе, любой ребенок, который воспитывается в детском доме, а не в семье, - это трагедия по всем человеческим понятиям, - уверен политик. С 1 января 2013 года вступил в силу закон, запрещающий усыновление российских детей гражданами США. Эти меры включены в российский ответ на американский Акт Магнитского, который получил неофициальное название закон Димы Яковлева - в память о российском мальчике, трагически погибшем в приемной семье в США.Закон запрещает передачу детей, являющихся гражданами РФ, на усыновление или удочерение гражданам США. Также запрещена деятельность на территории России органов и организаций в целях подбора и передачи российских детей на усыновление американцам.;12.02.2018;23:23;;;https://tass.ru/politika/4952369;Fake;https://theins.ru/antifake/91564;США;;; 158;RT вышел в финал премии New York Festivals в 17 номинациях;Телеканал RT вышел в финал международного конкурса New York Festivals, опередив по числу номинаций телеканалы CNN, BBC и Sky News. Так, в категории Лучшее освещение срочных новостей за победу поборется новостной выпуск, посвященный референдуму о независимости Каталонии, а в номинации Лучшее освещение продолжительного события — специальный эфир RT о проведении парламентских выборов в Германии. Проморолики RT #1917LIVE стали финалистами в номинациях Цифровой спецпроект и Кинематография. Проект посвящен 100-летию революции в России и воссоздает в Twitter события тех дней в режиме реального времени.  В категории Лучший спортивный выпуск новостей представлен спецвыпуск, посвященный заключительному матчу Кубка Конфедераций-2017 в России. В эфире ведущие RT Нил Харви и британский футболист Стэн Коллимор рассказали о матче Германия-Чили из специальной студии на Дворцовой площади в Санкт-Петербурге. Ролик RT о Кубке Конфедераций номинирован в категории Спецэффекты: промо.  Спецвыпуск программы On Contact телеканала RT America с участием лауреата Пулитцеровской премии Криса Хеджеса претендует на главный приз сразу в трех номинациях: Лучшее интервью, Лучший репортаж-расследование, Освещение общественно важных вопросов. Эпизод программы посвящен проблеме наркомании в США.;12.02.2018;15:12;;;https://ria.ru/20180212/1514466714.html;Half-Fake;https://theins.ru/antifake/91414;Общество;;; 159;В борьбе с русским языком Латвия дошла до инквизиции;Ни слова по-русски. В Латвии школьные занятия хотят проводить исключительно на латышском языке. За соответствующие поправки к закону об образовании проголосовало большинство парламентариев. У здания Сейма их встретили сотни митингующих с плакатами в защиту русских школ.  Токсичный закон, образовательный яд, этническая дискриминация! Неоднозначная образовательная реформа в Латвии обрастает все новыми — мягко говоря, нелестными — отзывами. Уже несколько месяцев по всей стране не стихают демонстрации против тотальной латвиизации школ. С самого утра у здания Сейма, где депутаты подавляющим большинством одобрили спорный законопроект, на митинг вышли сотни человек. Участники акций пытаются понять, почему власти не учитывают интересы родителей, а главное — зачем пытаются всеми силами разрушить русскую общину в Латвии.  Новая инициатива минобрнауки Латвии предполагает, что к 2021-22 учебному году школы нацменьшинств будут полностью реформированы. Начальные классы еще сохранят свое двуязычие. Но уже с 7 класса, как раз когда идут наиболее сложные предметы, подавляющее большинство занятий будет на латышском. Ну а в средней школе, то есть с 10 по 12 классы, русский язык окажется под полным запретом. Противники реформы уверены: новый законопроект разделит латвийское общество пополам.  Отказаться от русского власти Латвии пытались и раньше. Еще в 2004 году все школы хотели перевести на государственный язык. Против инициативы оказался Конституционный суд страны. Позже раскритиковали закон и в ООН. В Латвии сделали шаг назад: согласились, чтобы только 60 процентов образования велось на латышском. И вот теперь спустя более чем 10 лет Рига все-таки решила завершить начатое.  В стране давно работает Центр государственного языка. Местные негласно называют его языковой полицией или даже инквизицией. На протяжении 25 лет этот орган проверяет всех госслужащих. Если кто-то на рабочем месте, по мнению Центра, недостаточно хорош в латышском языке – он должен уплатить штраф до 250 евро. Повторное нарушение может стоить рабочего места.  Эти практически средневековые меры можно было бы воспринимать как неудачную шутку, если бы не одно но. От экспериментов с языком страдает самое главное — образование. По данным местных информагенств, еще 10-20 лет назад Латвия по качеству школ конкурировала с той же Германией и Японией. Теперь же соседствует в мировом рейтинге с Доминиканской республикой и Чили. И с новой реформой, уверены эксперты, образовательное пике только продолжится.;09.02.2018;3:01;;;https://www.vesti.ru/doc.html?id=2985736&cid=9#;Fake;https://theins.ru/antifake/91087;Общество;;; 160;Хакеры Fancy Bears раскрыли канадский заговор против российского спорта;Хакерская группа Fancy Bears уличила правительство Канады во вмешательство в работу независимой комиссии Всемирного антидопингового агентства (ВАДА) под руководством Ричарда Макларена. Об этом сообщается на официальном сайте организации. Сообщается, что в 2004 году спортивные власти Канады разработали программу Завладеть подиумом. Причина - неудачные выступления спортсменов этой страны на Олимпийских играх. Новая программа, главным спонсором которой стало государство, позволила им занять первую строчку в общекомандном медальном зачете на домашней Олимпиаде в Ванкувере в 2010 году. Но на последующих Играх канадские спортсмены не проявили себя должным образом. Тогда канадцы решили устранить одного из своих главных конкурентов - сборную России. Специально для этого они наняли Ричарда Макларена, который, в свою очередь, под предлогом борьбы за чистоту в спорте должен был добиться запрета на участие российских атлетов в соревнованиях. Добавим, что зимние Олимпийские игры-2018 пройдут в Пхенчхане с 9 по 25 февраля. ;07.02.2018;23:48;;;https://rg.ru/2018/02/07/hakery-fancybears-raskryli-kanadskij-zagovor-protiv-rossijskogo-sporta.html;Fake;https://theins.ru/antifake/90509;Политика;;; 161;Российский дрон сеет панику в Вашингтоне;Ядерная доктрина Трампа, которая недавно утекла в американские СМИ и была официально опубликована Пентагоном на прошлой неделе, изначально разрабатывалась для того, чтобы напугать Россию, — но эффект получился неожиданным. Она напугала американские СМИ, научное сообщество и даже некоторых сенаторов и конгрессменов. Дело в том, что до публикации секретного документа, разработанного администрацией Белого дома и руководством американской армии, мало кто в США верил, что у России действительно есть технология, которую западные журналисты называют ядерным подводным дроном. Зато теперь американское общество получило официальное подтверждение того, что один из кошмаров холодной войны стал реальностью. Материалы, посвященные дрону Судного дня, не сходят со страниц американских СМИ, включая CNN, NPR (государственное радио Соединенных Штатов) и журнала Newsweek.  Поразительно, но вместо того, чтобы требовать от Трампа более активного противодействия России и начала новой гонки вооружений, часть экспертного сообщества требует от президента сдержанности, подвергая критике его чрезмерно агрессивную политику наращивания и диверсификации ядерного арсенала.  Если составители доктрины Трампа надеялись как следует напугать американскую аудиторию российской ядерной угрозой, то им это удалось, но если они рассчитывали, что Трамп получит широкую поддержку в плане перезапуска ядерной гонки вооружений, то этим надеждам не суждено было сбыться. Как ни странно, по крайней мере часть американского истеблишмента отчетливо понимает, что в случае реального ядерного конфликта победителей не будет.;07.02.2018;8:35;;;https://ria.ru/20180207/1514119499.html;Fake;https://theins.ru/antifake/90775;Политка;;; 162;;В ластей немецкого города Штральзунда разрешить строительство участка газопровода «Северный поток-2» в территориальных водах Германии. До недавнего времени резко против газопровода выступали прибалтийские государства. Однако в конце прошлого года возражать вдруг перестали. Наверное, после того, как Литва получила первый сжиженный газ из Америки. Подсчитали — прослезились;04.02.3018;20:00;;;http://vesti7.ru/video/1757351/episode/04-02-2018/;Fake;https://theins.ru/antifake/90509;Политика;;; 163;ЦИК готова разрешить зарегистрированным кандидатам агитировать за бойкот выборов;Глава ЦИК России Элла Памфилова заявила, что агитация за неявку на выборы могла бы иметь право на существование, если была бы выпущена легально зарегистрированным на выборах кандидатом.  Если, например, кандидат избирается, он зарегистрировался и из своего фонда оплачивает агитацию. Есть же такая форма. Может такая форма быть. Все это должно быть легально, чтобы это были не подметные листовки, фальшивые, да еще и за моей подписью, - сказала Памфилова журналистам.  Она отметила, что в целом может быть такой интересный кандидат, сам себе противоречащий, который специально зарегистрировался, чтобы собрать избирательный фонд, официально оплатить листовки и напечатать призыв не ходить на выборы.  Это его право, потому что он легально зарегистрировался как кандидат, как кандидат-бойкот. Это, может быть, такая экзотичная форма, - сказала Памфилова.  То есть это все должно быть сделано не так, как это делается, как делает наш великий, самый главный оппозиционер. Ничего лучшего, чем выпускать фальшивые листовки за моей подписью. Я считаю, что это низко и мелко, - отметила Памфилова.;01.02.2018;14:26;;;https://www.interfax.ru/elections2018/598059;Fake;https://theins.ru/antifake/90084;Политика ВЫборы;;; 164;Американские санкции для российской глубинки: Вашингтон ввел санкции против совхоза в Тюменской области;Вашингтон дополнил список предприятий, попавших под секторальные санкции. И это можно назвать анекдотом: в их числе оказался совхоз в Тюменской области. Ферме, которая снабжает молоком, сметаной и творогом лишь местные магазины, запрещено вести экономическую деятельность с США и Евросоюзом.  В совхозе «Червишевский» от новостей из-за океана чувства смешанные: не знают, то ли плакать, то ли смеяться. В селе уверены: решение о вынесении санкций против отдельно взятого совхоза, словно он представляет угрозу Соединенным Штатам, не поддается разумному объяснению. Чем провинился тюменский совхоз перед США, обсуждает все: скотники, трактористы, комбайнеры. Санкции подкрались незаметно. Аккурат к утренней дойке. «Это дурость какая-то: совхоз включают в санкции. Мы не боимся этих санкций! Что нам санкции!» — говорит оператор роботизированного доильного аппарата Алексей Пермяков. Sovkhoz Chervishevski – именно так на сайте Министерства финансов США обозначается это предприятие. По сути, небольшая ферма в Тюменской области, далекая от геополитики и вряд ли угрожающая американской экономике. Тем не менее, сейчас все эти буренки и даже молоко, которые они производят, оказались почему-то под ограничениями, согласно решению американских чиновников. Фермеры, больше из любопытства, изучили в Интернете то самое решение Минфина США. Оказалось, сельхозпредприятие из села Червишево удостоилось нездорового внимания Вашингтона из-за основного акционера — компании «Сургутнефтегаз», которая в санкционных списках с 2014 года. «Это удивление, граничащее со смехом. Где нефть, газ и где это хозяйство, где мы находимся! Как это хозяйство влияет на угрозу Соединенным Штатам Америки, понять довольно тяжело. И мы не стараемся понять» — говорит заместитель главы Тюменского района Тюменской области Виталий Беспалов. Быть может, все дело в зависти к передовому опыту, задумываются в совхозе. Коровы тут, словно выдрессированные, сами приходят на дойку. На трескучем сибирском морозе животные даже не мерзнут. Да и надоями с одной буренки тоже могут похвастаться. Впрочем, на внешние рынки, для них теперь закрытые, со своим молоком тут точно не собираются. Местный спрос вполне устраивает. «Коровы, видите, сытые. Продуктивность даем», — говорит генеральный директор совхоза «Червишевский» Сергей Григорьев. Секрет выживаемости, говорят, в названии. Слово «совхоз» сохранили еще с советских времен. В свое время Червишево не почувствовало на себе действие печально известной поправки Джексона-Вэника, ограничившей торговлю с Советским Союзом. Напугать сибирских крестьян секторальными санкциями тоже едва ли удастся.;31.01.2018;9:12;;;https://www.1tv.ru/news/2018-01-31/340294-amerikanskie_sanktsii_dlya_rossiyskoy_glubinki_vashington_vvel_sanktsii_protiv_sovhoza_v_tyumenskoy_oblasti;Fake;https://theins.ru/antifake/89879;Политика;;; 165;Норвегия не смогла найти замену российскому рыбному рынку;Норвегия не смогла найти замену российскому рыбному рынку. Об этом в Осло заявил чрезвычайный и полномочный посол России Теймураз Рамишвили. По его словам, этот вопрос является болезненным для рыбной промышленности королевства.  После того, как в 2014 году Москва ввела ответные меры на антироссийские санкции Евросоюза, Норвегия потеряла порядка миллиарда долларов, сообщает Россия 24. Министр рыбной промышленности страны заявлял, что новые рынки сбыта удалось найти в Китае, Японии и Вьетнаме. Однако подчеркнул, что надеется на то, что в ближайшее время удастся вернуть норвежский лосось на российские прилавки.;23.01.2018;6:57;;;https://www.vesti.ru/doc.html?id=2979068#;Fake;https://theins.ru/antifake/88770;Общество Экономика Санкции;;; 166;В Литве спустя три года после смерти Донатаса Баниониса обвиняют в том, чего он никогда и не скрывал;В Литве выдающегося советского актера Донатаса Баниониса включили в список агентов КГБ. Банионис умер три года назад. «Мертвый сезон», «Красная палатка», «Гойя», «Солярис», «Никто не хотел умирать», «Приключения принца Флоризеля» — выдающиеся роли в этих фильмах. Они навсегда останутся в истории кино. Казалось бы, Литва должна гордиться своим великим сыном. Но нет — пинают мертвого льва. Страдают от комплекса национальной неполноценности. Пытаются еще больше плеснуть грязи в свое советское прошлое. Многих им еще придется оплевать.  В начале 90-х годов, после краха Советского Союза, в политической элите Литвы выходцы из коммунистической партии и комсомола составляли 58%. Первый президент независимой Литвы Альгирдас Бразаускас успел поработать первым секретарем компартии Литовской республики. Он по должности курировал КГБ. Правда, уже второй президент, Валдас Адамкус, был американским гражданином. В конце 40-х годов служил в центре армейской разведки в Чикаго.  Про нынешнего президента, Далю Грибаускайте, говорят, что она активно сотрудничала с КГБ. Кличка у нее была Магнолия. Красивая кличка. Но в опубликованном списке агентов ее почему-то нет. Кстати, Грибаускайте сделала абсолютно советскую карьеру. В 80-х годах защитила диссертацию в Академии общественных наук при ЦК КПСС. И ведь не побрезговала. Уже в постсоветской Литве добилась признания своей коммунистической диссертации и стала доктором наук свободной Литвы.;14.01.2018;22:29;;;https://www.1tv.ru/news/2018-01-14/339397-v_litve_spustya_tri_goda_posle_smerti_donatasa_banionisa_obvinyayut_v_tom_chego_on_nikogda_i_ne_skryval;Half-Fake;https://theins.ru/antifake/87786;Знаменитости;;; 167;Французские власти запрещают символы Рождества;В понедельник министр юстиции Франции Николь Беллубе объявила о создании специальной антитеррористической прокуратуры. Мол, «обычные» органы правопорядка с угрозой не справляются, вот и приходится собирать силы в кулак.  Однако пока Пятая Республика сражается не с террористами-джихадистами, а… с памятью о собственном христианском прошлом. Так, ещё в 2014 году в департаменте Вандея суд приказал городскому совету Нанта убрать из фойе рождественский вертеп (фигурки Иосифа, Марии и младенца Христа в окружении животных).  После терактов в парижском театре «Батаклан» в ноябре 2015 года в столице Франции также стали удалять из публичных мест рождественские ясли. К возмущению простых парижан, привыкших к этой милой традиции, никто не прислушался.  А в нынешнем году «война с рождеством» началась и на уровне терминологии. «Я поражена, что больше нельзя говорить «рождественские праздники» или «пасхальные праздники» — только «летние и зимние каникулы», — жалуется новый вице-президент Республиканской партии Вирджиния Кальмель (Virginie Calmels).  Сейчас в «войне против Рождества» настало неустойчивое равновесие: в департаменте Вандея суд всё же разрешил установку вертепа, а в регионе Овернь-Рона-Альпы — запретил.  Разумеется, никто прямо не говорит, что всё это делается в угоду либералам и их «лучшим друзьям» — радикальным исламистам. Дескать, еще в 1905 году Республика приняла закон о разделении церкви и общества, «государство должно быть нейтральным в вопросах веры», «давайте не обострять и без того непростую ситуацию». Хотя по статистике 56% жителей Франции называют себя верующими католиками, а две трети являются крещёными.;20.12.2017;14:58;;;https://www.spb.kp.ru/daily/26772/3805787/;Fake;https://theins.ru/antifake/85276;Общество;;; 168;Почти половина молодых россиян сочла пресс-конференцию Путина интересной;В четверг состоялась большая ежегодная пресс-конференция президента РФ Владимира Путина. Тринадцатая по счету пресс-конференция Путина длилась около четырех часов, за это время глава государства ответил на 76 вопросов. Центр социологии студенчества провел онлайн-опрос по ее итогам. В опросе приняли участие около 1,5 тысяч представителей российской молодёжи в возрасте от 16 до 30 лет. Ссылка на опрос распространялась в студенческих сообществах и группах вузов и средне-специальных учебных заведений в социальных сетях.  Согласно результатам опроса, 40% опрошенных заявили, что им понравились все без исключения ответы президента. Большинство ответов главы государства понравилось 38% респондентов. При этом 49% опрошенных отметили, что все выступление Путина вызвало большой интерес.  Кроме того, ещё 35% респондентов заявили о выборочном интересе: какие- то темы показались им интересными, а какие-то нет. А вот заскучать во время выступления президента пришлось немногим, об этой эмоции заявили всего 3% опрошенных молодых людей.;15.12.2017;;;;https://ria.ru/20171215/1511019446.html;Fake;https://theins.ru/antifake/84408;Общество;;; 169;Жителям Крыма придется покупать билеты на ЧМ-2018 через сайт РФС;Билетная программа разработана ФИФА (на сайте организации), и там вы найдете Грузию и не найдете Крым. Поэтому для жителей Крыма организована продажа билетов через сайт Российского футбольного союза. Относительно Косово, Абхазии и Осетии надо смотреть, признаны ли эти страны ФИФА, — сказала Н.Паршикова на заседании комитета Госдумы по госстроительству и законодательству.  Нет, не признаны, — сказал депутат Госдумы Отари Аршба, реагируя на ее слова.  Значит, они не смогут купить эти билеты на сайте ФИФА и так же, как и крымским жителям, осуществляется продажа билетов через национальные федерации, — сказала замминистра.  Она пояснила, что россияне являются организаторами чемпионата мира, мы являемся страной, принимающей это мероприятие.;12.12.2017;;;;https://tourism.interfax.ru/ru/news/articles/45844;Fake;https://theins.ru/antifake/84103;Спорт ;;; 170;Минобороны РФ: ИГ могло остаться только в зоне ответственности США;6 декабря президент страны и верховный главнокомандующий нашими Вооруженными силами Владимир Путин объявил о полном разгроме террористов в Сирии и фактически о завершении там масштабной военной операции с участием России. Министр обороны доложил, что операции на восточном и на западном берегах Евфрата завершены полным разгромом террористов. Естественно, еще могут быть отдельные очаги сопротивления, но в целом боевая работа на этом этапе, на этой территории закончена, повторяю, полным разгромом террористов, — отметил глава государства. Путин говорил о берегах Евфрата, но это и был как раз последний оплот сопротивления варварского псевдохалифата в Сирии. Уточнения последовали от начальника российского Генштаба генерала армии Валерия Герасимова. Территории, подконтрольной ИГИЛ (запрещенная в РФ организация), в Сирии не существует, — отметил он. Позже начальник Главного оперативного управления Генштаба генерал-полковник Рудской добавил: Нельзя исключить, что на освобожденной территории могут появляться отдельные диверсионные группы ИГИЛ. В этом случае они будут уничтожаться силами правительственны войск, которые имеют специально подготовленные мобильные резервы. Казалось бы, все ясно, но Пентагон по поводу победы над ИГИЛ с уважением не согласен. А американцы там еще с ИГИЛ повоюют. Буквально так заявил представитель Минобороны США Эрик Пэхон. А другой представитель того же ведомства — Роб Мэнинг — добавил, что в Сирии остаются около 2000 военнослужащих. В ответ российский коллега Роба Мэнинга официальный представитель Минобороны генерал Конашенков в своей уверенно вежливой манере пояснил: Хотели бы напомнить представителю Пентагона, что зарождение экспансии в Ираке и вторжение в Сирию международной террористической группировки ИГ происходило при молчаливом невмешательстве американского военного ведомства. Если ИГ еще где-то и не побеждено, то как раз в зоне прямой ответственности США, на территории Ирака. Слова о якобы непобежденном ИГИЛ в Сирии — искусственный предлог и повод для оправдания Пентагоном незаконного оставления американских военных войск в Сирийской Республике. Что же касается уважения, то рекомендуем демонстрировать его, прежде всего, к суверенитету Сирийской Арабской Республики и общепринятым нормам международного права. Актуальная ремарка. Ведь американцы, непонятно для чего и непонятно на каких основаниях все еще остающиеся в Сирии, имеют наглость заявлять, что у них там есть свое небо. Так, в интервью The New York Times и CNN представитель Центрального командования Вооруженных сил США Дамиен Пикарт пожаловался на российские ВКС, мол, они допускают опасные сближения с американскими самолетами в Сирии, заходя в наше воздушное пространство.  Конашенков прокомментировал и это, напомнив, что никакого своего неба у США в Сирии не было и быть не может. А отдельным представителям Центрального командования США порекомендовал фильтровать мысли и сосредоточиться на уничтожении террористов ИГИЛ в Ираке, а не провоцированию инцидентов в воздухе.;10.12.2017;;;;http://vesti7.ru/article/714395/episode/10-12-2017/;Fake;https://theins.ru/antifake/83649;Сирия;;; 171;Лидер Киевского патриархата Филарет попросил патриарха Кирилла о прощении;Лидер самопровозглашенного Киевского патриархата Филарет Денисенко обратился к патриарху Кириллу и епископату Русской православной церкви о прощении и преодолении украинского церковного раскола. Обращение Денисенко, датированное 16 ноября, было заслушано в четверг Архиерейским Собором в Москве, говорится на сайте Московского Патриархата. В письме содержится просьба о восстановлении евхаристического и молитвенного общения с христианами, состоящими в украинском церковном расколе, и об отмене всех решений, в том числе о прещениях и отлучениях... ради достижения Богом заповеданного мира между единоверными православными христианами и примирения между народами, - рассказал журналистам пресс-секретарь патриарха священник Александр Волков. В свою очередь Собор с удовлетворением воспринял это обращение как шаг к преодолению раскола и восстановлению церковного общения со стороны тех, кто некогда отпал от единства с канонической Украинской православной церковью. После горестных двадцати пяти лет раздоров, насилия, взаимной неприязни, обид и нестроений, возникших в украинском Православии и украинском обществе в результате раскола, появляется, наконец, возможность встать на путь восстановления единства, - сказано в определении Архиерейского Собора. В Московском патриархате заявили, что решительный отказ от насилия и захвата храмов, отказ от взаимных обвинений и упрёков, взаимное прощение друг другу старых обид - вот те целебные средства самопожертвования и любви о Христе, которыми только и может быть восстановлено единство канонической Церкви на Украине. Для ведения дальнейших переговоров с отделившимися от церковного общения Собор учредил комиссию, во главе которой поставлен глава синодального Отдела внешних церковных связей митрополит Волоколамский Иларион. Ранее в четверг Архиерейский Собор предоставил больше самостоятельности Украинской православной церкви (УПЦ) Московского патриархата. Участники Собора единогласно поддержали просьбу митрополита Киевского и всея Украины Онуфрия выделить для УПЦ отдельную главу в уставе Московского патриархата, - сообщили журналистам организаторы форума. Они отметили, что эти поправки, по сути, зафиксировали то, что и так имело место на практике.;30.11.2017;;;;https://www.interfax.ru/world/589848;Fake;https://theins.ru/antifake/82368;Церковь;;; 172;СК РФ: Пробирки с допинг-пробами российских спортсменов вскрыть невозможно;Новые экспертизы подтвердили голословность обвинений российских спортсменов в массовом употреблении допинга. По данным Следственного комитета, специалисты пришли к однозначному выводу: пробирки с результатами тестов вскрыть невозможно. Однако полное отсутствие доказательств каких-либо махинаций или даже намека на них не останавливает Международный Олимпийский Комитет. Он продолжает лишать наших атлетов честно заработанных медалей сочинских Игр, и даже в мотивировочной части своего решения по лыжнику Александру Легкову не приводит ни одного веского основания. В мире большого спорта ждали железных аргументов, ведь как иначе объяснить пожизненную дисквалификацию Александра Легкова и аннулирование его результатов на Олимпиаде в Сочи? Вместо этого Международный Олимпийский Комитет разразился очередным пересказом показаний Григория Родченкова. Легков, по словам беглого химика, будто бы один из целого списка спортсменов в так называемом «Дюшес-листе». Вот за что он наказан. «В соответствии с утверждениями профессора Макларена и доктора Родченкова, «Дюшес-лист» был сформирован в преддверии Зимних Олимпийских игр в Сочи 2014 года и содержал список спортсменов, которые находились под протекцией», – говорится в документе. «Дюшес» или «коктейль Родченкова» — это смесь, которую экс-глава Московской антидопинговой лаборатории якобы придумал и распространял на Олимпиаде. Допинг вперемешку с алкоголем – для маскировки. МОК в это верит, профессиональные химики смеются. Алкоголем уже давно ничего не спрячешь. «То, о чем написано в докладе, что алкоголь и смесь трех препаратов поможет избежать допинг-контроля, это миф очень большой. В 2012 году открыли долгоживущие метаболиты, и после приема у вас шесть месяцев в крови, моче можно обнаружить стероиды», – объясняет начальник отдела пептидного допинга и анализа крови Московского антидопингового центра Григорий Кротов. Легков в свою защиту не раз напоминал, что и до, и после Олимпиады почти круглый год тренировался и жил в Европе, там же постоянно сдавал допинг-пробы, и каждый раз «чистые». Если бы лыжник употреблял запрещенные вещества, то уже давно бы попался. «Стероиды когда применяют, используют их курсом, пропивают длительное время. Конечно же, эффекта от однократного приема ожидать не приходится, и это еще больше усиливает то, что спортсмен в любой момент может быть пойман», – говорит Григорий Кротов.  Тот самый «Дюшес-лист», на котором теперь строятся обвинения россиян, получен от Григория Родченкова при посредничестве властей США. Установить происхождение документа невозможно. Американцы не дали Олимпийскому комитету исследовать будто бы существующий жесткий диск с «русским досье», который Родченков якобы вывез за океан. Но американским спецслужбам МОК все равно верит больше, чем российским спортсменам. «Доктор Родченков больше не в России, сейчас он находится под защитой ФБР. Таким образом, он может говорить открыто», – говорится в документе МОК.  Для того чтобы найти доказательства словам Родченкова о том, что в Сочи вскрывались «грязные» пробы, МОК заказал очередное исследование. Флаконы якобы удалось вскрыть после двух месяцев опытов. Видео не предоставлено. Эксперты изучили 80 проб, и среди прочих одну Александра Легкова. Допинг не нашли. На нескольких пробирках обнаружены пресловутые царапины, на большинстве — ничего. Но вывод комиссии...  «Россияне использовали отмычки и технику, которые они могли бесконечно долго совершенствовать, они были способны открыть пробы даже без характерных следов», – говорится в документе МОК.;28.11.2017;;;;https://www.1tv.ru/news/2017-11-28/336977-sk_rf_probirki_s_doping_probami_rossiyskih_sportsmenov_vskryt_nevozmozhno;Half-Fake;https://theins.ru/antifake/81914;Спорт;;; 173;Дневник Григория Родченкова стал основанием для отстранения российских спортсменов от Олимпиад;Дневник перебежчика как главная улика. Почему записки Григория Родченкова становятся доказательствами для Международного олимпийского комитета? Почему отказано в перекрестном допросе Родченкова, хотя такая практика в подобных случаях применялась, и не единожды. Между тем сегодня еще три российских спортсмена приговорены чиновниками МОК к пожизненному отстранению от Олимпиад. Почему в официальных и серьезных документах пишут: принято решение по воспоминаниям Григория Родченкова?  Известие о том, что еще три спортсмена российской сборной: бобслеисты Александр Касьянов, Алексей Пушкарев и Ильвира Хузина пожизненно отстранены от участия в Олимпиадах, пришло как раз в те минуты, когда глава Федерации бобслея рассказывали на пресс-конференции в Москве о странностях доклада комиссии МОК под руководством Дениса Освальда.  «Бездоводные» выводы по отношению к нашим спортсменам. И складывается ощущение и, опять же я повторюсь, что это спланированная акция, для того, чтобы как можно максимально сборная Россия не была допущена к Олимпийским играм», — считает президент Федерации бобслея и скелетона России Александр Зубков.  Пресловутая комиссия Освальда расследовала факты якобы государственного прикрытия употребления допинга российскими спортсменами на сочинской Олимпиаде. Одним из первых от выводов комиссии пострадал наш лыжник Легков.  «Я не юрист, но мне было странно, что в документе сказано «по воспоминаниям Григория Родченкова». Он, что роман пишет или триллер какой-то, я не знаю?» — недоумевает Елена Вяльбе.  Впрочем, и юристы, а адвокат Филипп Берч защищает интересы наших олимпийцев в спортивном арбитражном суде, говорят, что никогда не сталкивались с чем-то подобным в своей практике: обвинением в употреблении допинга фактически всей Олимпийской сборной страны на основе лишь дневников одного единственного человека. К тому же дневники эти ни разу ни адвокатам, на обвиняемым так и не показали.;29.11.2017;;;;https://www.1tv.ru/news/2017-11-29/337064-dnevnik_grigoriya_rodchenkova_stal_osnovaniem_dlya_otstraneniya_rossiyskih_sportsmenov_ot_olimpiad;Half-Fake;https://theins.ru/antifake/82309;Спорт;;; 174;Пятьдесят оттенков коричневого: как изменилась жизнь на Украине после «Евромайдана»;Четыре года назад все начиналось почти обыденно. Собралось несколько сотен человек на центральной площади, агитировали за ассоциацию с Евросоюзом, разбили палатки. Через несколько дней интерес народа к этой акции начал угасать. Так бы все и закончилось с приходом холодов, но у архитекторов очередной цветной революции был заготовлен план «Б». Они решили, что Майдану нужна жертва — человеческая кровь. Николай Азаров, бывший премьер-министр Украины: «И вот в 4 часа утра вдруг приезжают осветительные приборы, все камеры центральных каналов. Где-то в 4:15 с гостинцы „Украина“, которая расположена выше, спускается человек 100 молодчиков. Теперь то мы знаем, что это был так называемый „Правый сектор“». А дальше все как по нотам. «Правосеки» избили дежуривших здесь патрульных, те вызвали подмогу, налетел «Беркут» и зачистил площадь. Тут операторы принадлежавших Петру Порошенко телеканалов включили камеры и выдали в эфир: власти избивают невинных студентов. Новость вызвала бурю возмущения и вскоре весь Майдан был заставлен палатками. Четко спланированная провокация, в которой угадывается почерк заокеанских спецслужб. Толпу держали в напряжении, и как только революционный накал спадал, невесть откуда прилетала пуля, убивала случайного активиста, а людям говорили: «Во всем виноват кровавый режим». Хотя власти так и не решились выдать отрядам «Беркута» оружие. Через четыре года можно уверенно подводить итоги. Дивиденды с «Евромайдана» состригли некоторые олигархи во главе с Порошенко и их заокеанские кураторы. А сами украинцы получили невменяемую власть, которую в том же Киеве порой называют «пятьдесят оттенков коричневого». За это время произошел крах экономики, гривна обесценилась в три с половиной раза, а тарифы — выросли. Было 14 миллионов пенсионеров, осталось 11. Да и молодежь по «безвизу» бежит из страны. Пять миллионов граждан, по официальной статистике, подались в гастарбайтеры. В итоге страна оказалась расколота. «Свидомые», то есть так называемые истинные, западные украинцы пытаются и на востоке насадить свою власть. И чем больше они усердствуют, тем глубже пропасть между Киевом и Донбассом. И чем яростнее на Майдане кричат бандеровское приветствие «Слава Украине!», тем бесславнее кажется ее будущее.;24.11.2017;;;;https://www.ntv.ru/novosti/1954784;Fake;https://theins.ru/antifake/81392;Украина;;; 175;По уровню зарплат Украине уступает только Таджикистан;Данные о зарплатах в бывших советских республиках. На первом месте Россия, на последнем — Таджикистан. Украина на втором месте с конца. А ведь Украина была самой развитой республикой Советского Союза. Конечно, в таких зарплатах вина не только нынешних властей. Предыдущие тоже, так сказать, внесли свой вклад. Но все же до не давнего времени Украина отставала от России, Казахстана и Белоруссии, но опережала остальные бывшие республики. А теперь просто провал;27.11.2017;;;;;Fake;https://theins.ru/antifake/81801;Украина;;; 176; За постсоветские годы Украина лишилась 40% населения;После распада Советского Союза на Украине жило 52 миллиона человек. Сейчас официальная украинская статистика дает цифру 42 миллиона. Но из этой цифры надо вычесть Крым. Он вернулся в Россию. Это два миллиона четыреста тысяч человек. Донецкая и Луганская республики — считать ли их украинскими? Это 3800000 человек. Вычитаем Крым и республики Донбасса. Получаем 36 миллионов. Но надо учесть еще один фактор — трудовая миграция. Чтобы заработать на жизнь, за пределами Украины живет порядка четырех миллионов человек. Итого сегодня на Украине живет 32 миллиона человек против 52 двадцать пять лет назад. Страна потеряла 20 миллионов человек, почти 40% населения. И Евромайдан эти жуткие тенденции не остановил. Наоборот — стало только хуже;27.11.2017;;;;;Fake;https://theins.ru/antifake/81801;Украина;;; 177;Украинская власть и другие проевропейские силы не пользуются в стране популярностью;Украинская власть и другие проевропейские силы не пользуются в стране популярностью Рейтинг Порошенко, взлетевший на революционной волне, сегодня скатился до 10%. К следующим выборам, еще, конечно, можно наобещать на новый президентский срок. Вот только досидит ли он до него?;27.11.2017;;;;;Fake;https://theins.ru/antifake/81801;Украина;;; 178; Британцы массово скупают календари с Путиным;Британцы скупают календарь на 2018 год с изображениями президента России Владимира Путина.  На фотографиях российский лидер изображен занимающимся дзюдо, обнимающим леопарда и охотящимся в лесу, пишет портал Daily Mirror.  Вместе с тем календарь с 12 фотографиями Путина доступен на восьми языках и пользуется спросом.  «Я люблю свой календарь с Путиным, спасибо!» - написал один из покупателей на сайте Amаzon.  В настоящее время любой желающий может приобрести календарь с российским лидером по цене 14, 98 долларов за штуку.;23.11.2017;;;;https://tvzvezda.ru/news/vstrane_i_mire/content/201711231157-5bk3.htm;;https://theins.ru/antifake/81213;Общество;;; 179;Контрразведка Германии сообщила о непричастности русских хакеров к выборам в Бундестаг;Российские хакеры не вмешивались в ход кампании по выборам депутатов Бундестага в 2017 году. Такое утверждение содержится в опубликованном 24 июля в Берлине докладе Федерального ведомства по защите конституции. В Германии эту службу еще называют контрразведкой. В документе говорится: «Опасения о вмешательстве России в избирательную кампанию в конечном итоге не оправдались».  Наша страна не раз отвергала все обвинения в попытках как-либо повлиять на выборы в других государствах и призывала предоставить хотя бы какие-нибудь факты. Но этого так и не было сделано. ;24.07.2017;;;;https://www.1tv.ru/news/2018-07-24/349225-kontrrazvedka_germanii_soobschila_o_neprichastnosti_russkih_hakerov_k_vyboram_v_bundestag;Fake;https://theins.ru/antifake/111261;Россия;;; 180;Нацистский лозунг может стать официальным воинским приветствием на Украине;Нацистский лозунг может стать официальным воинским приветствием на Украине. Соответствующий законопроект, причем со статусом ”неотложный“, внес в Верховную Раду президент страны Петр Порошенко.  Документ предполагает, что вместо ”Здравствуйте, товарищи“ и ”Здравия желаем» диалог будет звучать так: ”Слава Украине!“ и ”Героям слава!“. Это лозунг запрещенной в России организации ”Украинская повстанческая армия“. В российском МИД это назвали ”героизацией нацизма“.  Такую политику Киев проводит все последние годы. Там теперь в почете УПА и ее лидеры Степан Бандера и Роман Шухевич, которые в годы Великой Отечественной войны сотрудничали с нацистами. На их совести десятки тысяч жизней, загубленных во время так называемой ”волынской резни“;04.09.2017;7:19;;;https://www.1tv.ru/news/2018-09-04/351689-natsistskiy_lozung_mozhet_stat_ofitsialnym_voinskim_privetstviem_na_ukraine;Fake;https://theins.ru/antifake/115823;Украина;;; 181;Жителям Латвии предложили самостоятельно выживать в случае начала войны;Жители Латвии в случае начала кризиса или военного конфликта должны самостоятельно защищать самих себя, говорится в проекте доклада национального министерства обороны, опубликованном на сайте правительства страны.  В документе отмечается, что государство не в состоянии обеспечить безопасность всех граждан в случае начала конфликта, поэтому жители должны сами отвечать за себя и своих родных. И хотя правительство, по мнению авторов доклада, должно предложить некие «модели самоорганизации», основной задачей латвийских граждан останется умение организоваться самостоятельно.  При этом военное ведомство подчеркивает, что уровень угрозы в отношении Латвии на сегодняшний день такой, что «оборона государства только военными средствами больше невозможна», поэтому следует улучшать систему государственной защиты, которая основывается на готовности общества и государства преодолевать кризис, опираясь на взаимное доверие и партнерство жителей;24.08.2017;;;;https://ria.ru/20180824/1527137845.html;Fake;https://theins.ru/antifake/114677;Общество;;; 182;Режиссер Денни Бойл покинул съемки нового Джеймса Бонда из-за отношений с Россией;Режиссер Дэнни Бойл отказался снимать новый фильм о Джеймсе Бонде из-за России. Оказывается, продюсерам не понравилась идея обладателя премии ”Оскар“ построить сюжет вокруг политической напряженности с нашей страной.  Бойл хотел снять фильм о холодной войне, на этот раз современной, но не нашел понимания у студийных боссов, так пишет Daily Telegraph. Разногласия возникли в момент принятия финальных правок в сценарии, сообщает телеканал ”Россия 24“. Скорей всего, теперь картина будет о чем-то другом, но кто ее снимет — неизвестно. Премьера 25 серии ”Бонда запланирована на ноябрь 2019 года».;23.08.2017;;;;https://www.vesti.ru/doc.html?id=3052130&cid=9#;Fake;https://theins.ru/antifake/114559;Знаменитости;;; 183;Молдавия захвачена олигархами – решили в Европарламенте;«„Чемпион Восточного партнерства“, как еще недавно именовали Молдавию, фактически утратил признаки государственного устройства. Страна находится в руках узкой группы людей, реализующих свою власть на абсолютно неприемлемых принципах. К такому выводу пришли депутаты Европарламента и постановили полностью прекратить оказание Молдавии какой-либо помощи до восстановления там демократических принципов и правового государства в целом. Вся экономическая и политическая власть в Молдавии оказалась в руках кучки олигархов, действующих в своих собственных интересах, утверждают в Европарламенте. Если обратиться непосредственно к тексту резолюции, одобренной 31 депутатом при 17 воздержавшихся и пяти голосах против, то становится ясно, что президент республики Игорь Додон, пожалуй, единственное лицо, не подвергшееся критике. „Молдавия захвачена небольшой группой олигархов, сконцентрировавших в своих руках политическую и экономическую власть. Они оказывают влияние на парламент, правительство, политические партии, государственную администрацию, полицию, судебную систему и средства массовой информации“, — говорится в документе. Фактически это может означать, что институт государственной власти в Молдавии разрушен».;11.10.2017;;;;https://www.vesti.ru/doc.html?id=3070723;Fake; https://theins.ru/antifake/121867;Политика;;; 184;Иностранные инвесторы сохраняют интерес к России;47 миллиардов рублей готовы уже скоро вложить в проекты на территории России десятки крупнейших зарубежных компаний и банков. Их руководители входят в Консультативный совет по иностранным инвестициям, заседание которого сегодня провел Дмитрий Медведев. То, что ситуация в экономике улучшается, подтверждает сам бизнес. Дмитрий Медведев Кто-то в силу известных причин ушел с нашего рынка, следуя политической конъюнктуре. Но другие, наоборот, стали охотнее идти на локализацию производства. Зовут в Россию своих традиционных поставщиков из других стран, налаживают связи с местным бизнесом. И это позитивно сказывается на стоимости продукции.;15.10.2017;21:18;;;https://www.1tv.ru/news/2018-10-15/354037-inostrannye_investory_sohranyayut_interes_k_rossii;Fake;https://theins.ru/antifake/122436;Россия;;; 185;В одном из ресторанов Нью-Йорка появится пятиэтажный бургер, названный в честь Путина;Нью-йоркский ресторан Lucy's Cantina Royale будет подавать 7 октября по случаю дня рождения президента России Владимира Путина особый пятиэтажный гамбургер. Острый и сочный Гамбургер, в частности, готовится с использованием нескольких котлет из говядины высокого качества, острого майонеза, острого соуса шрирача, а также смеси кориандра и лука. Попробовать сэндвич можно только раз в году - в день рождения президента РФ. Бургер, названный в честь главы российского государства, примерно в шесть раз превосходит по размеру обычные сэндвичи и отличается сочностью, обычно его подают с острым картофелем фри. В ресторане существует правило, согласно которому посетитель может не платить за этот бургер, если съест его за 30 минут. В противном случае стоимость блюда составит почти $30. Только раз в году Мы считаем, что Владимир Владимирович - выдающийся политик и историческая личность, поэтому решили один день в году посвятить именно ему, - сказала главный бармен заведения Дарья Пауто.  По словам Пауто, масса сэндвича составляет примерно 1952 грамма. Собственно говоря, это год рождения президента, - констатировала она. По мнению Пауто, если в обычном сэндвиче порядка 600 калорий, то в бургере Владимир Путин их примерно в шесть раз больше. Бармен также рассказала, что посетители нередко заказывают вместе с названным в честь Путина блюдом особый коктейль Маргарита с добавлением французского коньяка. Он помогает расщеплять жиры и способствует усваиванию тяжелой пищи, - отметила она. Несмотря на размер и остроту, справиться с бургером за 30 минут удается большинству из тех, кто его заказывает. Где-то 90% съедают его бесплатно, - указала Пауто. По ее наблюдениям, посетители, которые рассчитывают сделать это, зачастую специально приходят в ресторан очень голодными. Lucy's Cantina Royale находится в центре нью-йоркского района Манхэттен. Меню ресторана состоит по большей части из блюд, характерных для латиноамериканских стран. Иной еды, как-либо связанной с Россией, помимо гамбургера Владимир Путин, в заведении не подают. Комментарий Пескова Между тем сообщение о выпуске бургера в честь российского лидера иронично прокомментировал пресс-секретарь президента РФ Дмитрий Песков. Мы в администрации занимаемся разными делами. До бургеров руки еще не дошли, - отметил он.;6.10.2017;;;;https://tass.ru/obschestvo/4625856;fake;;Политика;;; 186;Экс-глава МИ-6 рассказал о провальном плане западных стран по развалу России;Бывший глава британской разведки МИ-6 Джон Скарлетт раскрыл детали стратегического плана, который был якобы направлен на развал России. Об этом он рассказал в интервью изданию The Guardian. Впоследствии статья была удалена с сайта издания, но по-прежнему доступна для просмотра в кэше. Самый проработанный стратегический план США и Великобритании по развалу России за последние несколько лет закончился неудачей, – рассказал Скарлетт. По словам Скарлетта, западные страны планировали развернуть военные и разведывательные базы на территории Южной Осетии после прихода к власти Саакашвили. В дальнейшем планировалось привлечь к дестабилизации обстановки радикальных исламистов. К сожалению, война 2008 года в Грузии стала железным кулаком Москвы против нашего самого большого стратегического плана на Кавказе, – поведал экс-глава разведки. Кроме того, планировались шаги по организации баз на территории Украины. Скарлетт рассказал, что также представители западных государств якобы рассчитывали на фиктивную войну России с Украиной. При этом он отметил, что Москве удалось успешно преодолеть все расставленные препятствия и обезопасить страну от воздействия Великобритании и США.;15.08.2017;;;;http://ren.tv/novosti/2017-08-15/eks-glava-mi-6-rasskazal-o-provalnom-plane-zapadnyh-stran-po-razvalu-rossii;fake;;Политика;;; 187;Умерла нобелевский лауреат по литературе Светлана Алексиевич;Нобелевский лауреат по литературе Светлана Алексиевич скончалась на 69-м году жизни. Об этом сообщила министр культуры Франции Франсуаз Ниссен в своем Twitter. Белорусская писательница получила Нобелевскую премию в 2015 году с формулировкой «за многоголосое звучание прозы и увековечивание страдания и мужества». Алексиевич приобрела известность после публикации художественно-документальной книги «У войны не женское лицо». Ее перу также принадлежат произведения «Цинковые мальчики», «Чернобыльская молитва», «Время секонд-хэнд» и другие. Литератор активно участвовала в общественной жизни, ей принадлежат спорные политические высказывания. К примеру, в июне 2016 года в Нью-Йорке она сказала, что в годы войны хуже всего к евреям относились поляки. Также Алексиевич, ссылаясь на знакомого журналиста из Польши, заявила, что местные ксендзы во время проповедей призывали убивать евреев. МИД Польши резко раскритиковал писательницу за эти слова.;18.05.2017;;;;https://lenta.ru/news/2017/05/18/alex_nob/;fake;https://ria.ru/culture/20170518/1494556111.html;Знаменитости;;; 188;Последний день: перед посольством США выстроилась гигантская очередь;На Новинском бульваре в Москве выстроилась огромная очередь желающих получить американскую визу. Вторник, 22 августа, —  последний день, когда их будет выдавать посольство США, затем последует перерыв до 1 сентября. Подача заявки на визу происходит онлайн. В длинной очереди стоят те, кто должен пройти собеседование или уже пришел за готовой визой. Люди надеются, что успеют получить ее до перерыва. После проверки документов, в том числе, вызова в посольство, соискателей пропускают внутрь здания, передает РИА Новости. Один из них рассказал, что через неделю собирается к друзьям во Флориду. Уже есть билеты, потому что они нужны для получения визы. Сегодня назначили собеседование. Я рассчитывал через пару дней получить визу. Теперь не знаю, удастся ли это сделать, — говорит стоящий в очереди турист. Возможно, придется менять билеты, — добавляет он. Несколько человек, которые пришли за готовыми визами, радуются, что успели их получить. Также к посольству подходят люди, чтобы уточнить консульскую информацию на стендах. Однако никаких объявлений об изменении выдачи виз на них нет. Жительница Москвы Елена, которая собирается поехать в Бостон, рассказала, что собиралась прийти в посольство через два дня. Однако теперь она не понимает, как ей получить визу. Посольство США сообщило, что с 23 августа приостановит на неопределенный срок процедуру выдачи неиммиграционных виз США по всей России. Первого сентября эта процедура возобновится. Но только в Москве. Собеседования для получения неиммиграционной визы в консульствах США в Санкт-Петербурге, Екатеринбурге и Владивостоке будут приостановлены. Москва ранее предписала сократить дипломатические миссии США в РФ на 755 человек — до 455 сотрудников. РФ приравняла количество служащих посольства США в России к числу работающих в дипмиссии РФ в Соединенных Штатах. Также с 1 августа Москва приостановила использование американским посольством складских помещений на Дорожной улице в российской столице и посольской дачи в Серебряном бору. Эти меры стали ответом на новые антироссийские санкции.;22.08.2017;;;;https://www.vesti.ru/doc.html?id=2923536;fake;;Визы в США;;; 189;Иранка сделала 50 операций, чтобы стать похожей на Анджелину Джоли;В Иране 19-летняя Сахар Табар заявила, что готова на все, чтобы выглядеть как Анджелина Джоли. СМИ сообщают, что Сахар похудела на 40 килограммов и перенесла 50 пластических операций, чтобы получить пухлые губы и точеные скулы, как у Джоли. Однако поклонники девушки утверждают, что ее внешность — результат макияжа. Сейчас у Сахар 340 000 подписчиков в Instagram. В основном на странице оставляют негативные комментарии: Ужас, ты выглядишь как зомби, Ходячие мертвецы или Хэллоуин окончен, скоро Рождество. Многие сравнивают ее с героиней мультфильма Тима Бертона Труп невесты: Не так давно девушка сама выложила ее изображение в формате сториз.;30.11.2017;;;;https://ria.ru/20171130/1509961316.html?inj=1;Fake;;Знаменитости;;; 190;Британские политологи раскрыли причины ненависти Запада к России;Запад ненавидит Россию, потому что она не делает то, что ей говорят. Об этом заявляют политологи Ти Джей Коулз и Мэттью Элфорд в своей книге Union Jackboot: What Your Media and Professors Don't Tell You About British Foreign Policy, отрывок из которой приводит издание CounterPunch. Коулз отмечает, что в Великобритании Россию считают врагом уже с начала XX века, а британские историки называют тот период первой холодной войной. В то время страны вели борьбу за стратегические ресурсы и торговые пути, а с приходом к власти большевиков Россия стала представлять еще и идеологическую угрозу. В частности, политолог приводит в пример британскую партию лейбористов, созданную в 1900 году, которую Уинстон Черчилль называл прикрытием для большевиков. Кроме того, Великобритания первой использовала химическое оружие на территории России, когда проводила операцию в поддержку Белой армии. При этом Черчилль открыто называл это оружие правильным лекарством. Но сегодня почему-то все говорят о том, как Москва угрожает Западу, скажем, своим Новичком, — недоумевает Коулз. После ухода с поста президента России Бориса Ельцина страна начала двигаться к экономическому национализму, рынки перестали быть свободными, американским корпорациям пришлось иметь дело с нововведенными пошлинами, отмечает эксперт. Вот что стало реальной угрозой, но общественности такого говорить нельзя — что Запад ненавидит Россию, потому что она не делает, что ей говорят. Реальная цель в отношении Москвы заключается в сохранении экономической гегемонии США и культуры свободного рынка, в то время как лично для себя Соединенные Штаты и дальше будут оставаться протекционистами. Кроме того, Коулз подвергает критике и военные действия Запада. По его словам, американские военные специалисты еще много лет назад говорили, что любые попытки НАТО влиять на Украину приведут к аннексии Крыма. И сейчас Москва не внезапно нападает на Киев, а демонстрирует свою реакцию на действия НАТО.;10.11.2017;1:30;;;https://ria.ru/20181110/1532509183.html?utm_source=yxnews&utm_medium=desktop;Fake;https://theins.ru/antifake/126913;Общество Великобритания;;; 191;Президент Австрии не собирается обсуждать с Путиным в Париже дело о шпионаже;Президент Австрии и верховный главнокомандующий австрийской армии Александер Ван дер Беллен не собирается обсуждать с президентом России Владимиром Путиным в Париже дело об австрийском отставном офицере, который подозревается Веной в шпионаже в пользу России.  Нет. Когда несколько десятков глав государств и президентов будут в Париже, у нас [с Путиным] не предполагается двусторонней встречи, - сказал Ван дер Беллен в эфире австрийской общественной радиостанции О-1, отвечая на вопрос, будет ли он обсуждать с президентом РФ дело о подозреваемом в шпионаже отставном австрийском полковнике.  Ван дер Беллен также призвал не драматизировать вопрос об отношениях с Россией.  Эту аферу [дело о подозрении в шпионаже] следует сначала расследовать. Посмотрим, есть ли в ней нечто большее, чем, так сказать, выдуманная история, тогда нужно будет принимать соответствующие меры, - ответил президент страны. - Сейчас надо расследовать: правда ли это, правильно ли обвинение, к какой информации был доступ у затронутого офицера - касается это национальных австрийских дел или это касается разных переговоров, например, с НАТО, - все это надо выяснить. В настоящий момент я не вижу поводов это драматизировать.  По его словам, было бы лучше, если бы предполагаемая деятельность отставного офицера была раскрыта австрийской разведкой, но для таких случаев как раз существует сотрудничество с партнерскими разведслужбами. Безусловно, было бы лучше, если бы мы сами смогли раскрыть это, при условии, что здесь есть что-то серьезное для раскрытия. Однако это соответствует сотрудничеству разведывательных служб, что мы получили такую информацию, - отметил президент Австрии, говоря о том, что сведения в Австрию о предполагаемом шпионе поступили из другой страны.  Верховный главнокомандующий вооруженными силами Австрии в целом доволен работой спецслужб страны: Службой военной контрразведки и Службой военной разведки. Упомянутые вами службы являются разведывательными службам в структуре министерства обороны. Я считаю, что они делают хорошую работу. Во время важных зарубежных визитов я регулярно контактирую с такими коллегами, и они предоставляют мне информацию, о которой я не могу узнать из газет, - рассказал Ван дер Беллен.  11 ноября в Париже будут проходить торжества по случаю 100-летия окончания Первой мировой войны. Кроме того, там откроется Парижский форум мира. В мероприятиях примут участие президент РФ Владимир Путин и президент Австрии Александер Ван дер Беллен.;10.11.2017;10:30;;;https://tass.ru/mezhdunarodnaya-panorama/5778349;Fake;https://theins.ru/antifake/126907;Политика;;; 192;В Сирии начали съемки для новой провокации с химоружием;«“Белые каски” приступили к постановочным съемкам для провокации с химоружием, в которых принимают участие некие люди, неизвестные местным жителям. Об этом рассказал руководитель российского Центра по примирению враждующих сторон в Сирии генерал-лейтенант Владимир Савченко.  По его словам, на линии разграничения в районе населенного пункта Мареа террористы намерены спровоцировать сирийских военных, чтобы те открыли ответный огонь. После этого на территории, подконтрольной незаконным бандформированиям, будет инсценирован артиллерийский обстрел снарядами с ядовитыми химикатами. Ответственность за это планируется возложить на подразделения вооруженных сил Арабской республики.  “После этого миру опять предъявят очередных жертв применения ‘химического оружия’ правительственными войсками”, — подчеркнул Савченко».;29.10.2017;23:30;;;https://ria.ru/20181029/1531731762.html;Half-Fake;https://theins.ru/antifake/124942;Сирия;;; 193;По данным Минобороны РФ, «Белые каски» готовят новую провокацию с использованием отравляющих веществ в Сирии;Как сообщили в российском Центре по примирению враждующих сторон, боевики планируют новые провокации в Идлибской зоне деэскалации. Информация о постановке с использованием отравляющих веществ поступила от жителей провинции Алеппо. В район уже прибыли пресловутые «Белые каски» и начали некие съемки, в которых участвуют люди, незнакомые местным жителям. А чуть ранее в три населенных пункта на закрытых грузовиках доставили емкости с отравляющими веществами, предположительно с хлором. «Боевики спровоцируют ответный огонь военнослужащих сирийской армии. Затем на территории, подконтрольной незаконным вооруженным формированиям, будет инсценирован артиллерийский обстрел снарядами с отравляющими веществами, якобы произведенный со стороны подразделений вооруженных сил Сирийской Арабской Республики. После этого миру опять предъявят очередных жертв применения «химического оружия» правительственными войсками», — было заявлено на брифинге Центра примирения враждующих сторон в Сирийской Арабской Республике 29 октября 2018 года. Тем временем агентство «Сана» сообщило: так называемая западная коалиция во главе с США нанесла удар с воздуха по городу Хаджин в провинции Дейр-эз-Зор, использовав боеприпасы с запрещенным белым фосфором. По данным сирийских СМИ, обстрел длился несколько часов. Сведений о погибших нет. Меньше месяца назад западная коалиция, которой руководят американцы, уже наносила удар по тому же городу и тоже фосфорными боеприпасами. Тогда Дамаск обратился в ООН с требованием провести тщательное расследование незаконных действий Соединенных Штатов в республике.;30.10.2017;9:20;;;https://www.1tv.ru/news/2018-10-30/354830-po_dannym_minoborony_rf_belye_kaski_gotovyat_novuyu_provokatsiyu_s_ispolzovaniem_otravlyayuschih_veschestv_v_sirii;Half-Fake;https://theins.ru/antifake/124942;Сирия;;; 194;14 российских университетов вошли в список лучших в мире вузов;«14 российских вузов вошли в рейтинг лучших университетов мира — Best Global Universities. Всего в него вошли 1250 высших учебных заведений более чем из 60 стран. Самую высокую среди наших университетов строчку занимает МГУ им. Ломоносова, чуть ниже расположился исследовательский ядерный институт МИФИ, далее — Новосибирский государственный университет. В список лучших вузы попадают исходя из 13 показателей; помимо очевидных, это «и мировая, и региональная репутация». Кстати, в рейтинге лидеров по Восточной Европе и Центральной Азии МГУ оказался на первом месте».;31.10.2017;7:20;;;https://www.vesti.ru/videos/show/vid/775132;Half-Fake;https://theins.ru/antifake/125145;Общество Образование;;; 195;В Великобритании набирает обороты борьба с российскими СМИ;«Медиарегулятор Офком собирается принять меры не только в отношении RT, но и против двух других наших телеканалов: РЕН ТВ и НТВ-МИР. Об этом со ссылкой на Би-би-си сообщает агентство ТАСС. О том, что Офком ведет расследование еще и в отношении этих каналов в ходе слушаний в парламенте заявила глава регулятора Шерон Уайт. По ее словам, в Офком поступили некие жалобы на наших коллег, якобы они не были беспристрастны. Впрочем, в чем именно заключаются претензии, чиновник не сообщила.  Что касается RT, по словам Уайт, сейчас идет расследование 10 случаев. Темы понятны — Сирия, Украина и дело Скрипалей. На канале все обвинения отвергают, а многие обычные телезрители в Великобритании уверены: нападки на RT связаны с тем, что его журналисты дают альтернативную точку зрения».;1.11.2017;12:08;;;https://www.1tv.ru/news/2018-11-01/354973-v_velikobritanii_nabiraet_oboroty_borba_s_rossiyskimi_smi;Half-Fake;https://theins.ru/antifake/125380;Общество Великобритания;;; 196;Это реальная угроза. Латвия захлебнулась в русофобских скандалах;Русскоязычным жителям Латвии снова прямым текстом указали на место. Спойлер: не почетное. Журналисты, политики, деятели культуры будто соревнуются друг с другом в русофобских высказываниях. Говорить можно все, ведь подобные выходки всегда остаются безнаказанными. Как в прибалтийской республике на государственном уровне фактически поощряется ненависть к русским, — в материале РИА Новости. rightПоследний инцидент такого рода связан с Марой Кронтале, 40 лет проработавшей диктором новостей на государственном Латвийском радио. Речь Кронтале считается в республике эталоном правильного латышского: в свое время именно она озвучивала объявления в общественном транспорте Риги. Бывшая радиоведущая слыла человеком интеллигентным. Поэтому многих неприятно поразил оставленный ею недавно в социальной сети твит. Кронтале призвала полностью очистить Латвию от этнических русских. При этом она сослалась на исторический пример, когда в 1939-1940 годах из прибалтийских стран репатриировали в Германию остзейских (балтийских) немцев. В общей сложности из Эстонии, Латвии и Литвы тогда уехали 75 тысяч человек. Мы освободились от балтийских немцев. Почему так же не можем освободиться и от русских? Понимаю, что сейчас меня съедят за расизм или нацизм, но все-таки?, — задалась вопросом Кронтале. При этом некоторые подписчики возмутились не самим призывом к этнической зачистке, а тем, что Кронтале приравняла русских к немцам. Немцы, в конце концов, были и являются культурным народом, которые не ведут себя, как вши. Но русские — паразиты, роящиеся там, где их меньше всего ждут, — прокомментировала запись некая L?gLberga.;2.11.2017;8:00;;;https://ria.ru/20181102/1531935971.html;Fake;https://theins.ru/antifake/125562;Общество;;; 197;Лавров рассказал об ущербе ЕС от антироссийских санкций; Евросоюз, согласно некоторым оценкам, потерял от санкций в отношении России больше 100 миллиардов евро, заявил глава МИД РФ Сергей Лавров. Цифры потерь государств Евросоюза от санкций называются различные. По некоторым оценкам, речь идет о сумме, значительно превышающей 100 миллиардов евро. Важно, чтобы это понимание пришло, наконец, к европейским политикам, — заявил Лавров в интервью испанской газете  El Pais. При этом, по его оценке, деловые круги в Европе близки к объективной оценке ситуации. Показателен в этом плане августовский доклад Восточного комитета германской экономики, в котором содержится призыв пересмотреть стратегию ЕС в отношении нашей страны, приступить к развитию полноформатного экономического сотрудничества, — отметил глава МИД РФ.;5.11.2017;22:00;;;https://ria.ru/20181105/1532161634.html;Fake;https://theins.ru/antifake/126020;Политика  Санкции;;; 198;Половину россиян, проживающих в Лондоне, заподозрили в сотрудничестве с российскими спецслужбами;Около половины из 150 тысяч россиян, проживающих в Лондоне, могут сотрудничать с российскими спецслужбами, говорится в докладе, подготовленном британским Обществом Генри Джексона. По оценкам экспертов, число профессиональных сотрудников российских спецслужб, работающих в Великобритании, с 2010 года увеличилось в пять раз, до 700 человек.  Согласно докладу, сбором секретных сведений занимается не меньше половины людей, числящихся в посольстве России. При этом разведка и контрразведка Великобритании в 52 раза меньше, чем российские органы.  Общество Генри Джексона, основанное в 2005 году при Кембриджском университете, занимается исследованием британской внешней политики. Организация названа в честь американского сенатора Генри Джексона, соавтора поправки Джексона-Веника, запрещавшей поставки некоторых видов советской продукции в США из-за нарушений прав человека в СССР.  В марте после отравления Сергея и Юлии Скрипалей Великобритания выслала из страны 23 российских дипломата.;6.11.2017;11:38;;;https://meduza.io/news/2018/11/06/polovinu-rossiyan-prozhivayuschih-v-londone-zapodozrili-v-sotrudnichestve-s-rossiyskimi-spetssluzhbami;Half-Fake;https://theins.ru/antifake/126068;Общество Великобритания;;; 199;США морально готовят себя к войне с Китаем;Высока вероятность того, что США будут в состоянии войны с Китаем через 15 лет. Об этом заявил генерал-лейтенант Бен Ходжес, бывший командующий сухопутными войсками США в Европе. Соединенным Штатам нужна очень прочная европейская опора. Я считаю, что через 15 лет, это не является неизбежным, но существует очень большая вероятность того, что США будут в состоянии войны с Китаем, — заявил генерал на Варшавском форуме по безопасности. Ранее сообщалось об интересных результатах опроса, согласно которому 46% американских военнослужащих считают возможной большую войну уже в следующем году, хотя еще год назад такую точку зрения высказывали лишь 5% опрошенных. Основных противников у американцев два – Россия и Китай, сообщает ТАСС.;25.10.2017;4:34;;;https://www.vesti.ru/doc.html?id=3075661#;Half-Fake;https://theins.ru/antifake/124108;США Полтика;;; 200;В США допустили начало войны с Китаем;Генерал-лейтенант армии США в отставке, бывший командующий сухопутными войсками в Европе Бен Ходжес заявил на Варшавском форуме по безопасности, что вероятность начала войны с Китаем в течение ближайших пятнадцати лет очень высока. Об этом сообщает Sputnik International. Экс-генерал призвал Европу уделять больше внимания собственной обороне, потому что США необходимо сосредоточиться на Тихоокеанском регионе и китайской угрозе. Соединенным Штатам нужна очень прочная европейская опора. Я считаю, что через 15 лет это не явится неизбежным, но существует очень большая вероятность, что США будут в состоянии войны с Китаем, — заявил Ходжес.  Он также добавил, что, несмотря на смещение геополитических приоритетов, приверженность США Североатлантическому альянсу остается непоколебимой.  Ранее опрос Military Times показал, что почти половина американских военнослужащих считает, что их страна вскоре будет вовлечена в полномасштабную войну.;25.10.2017;10:19;;;https://ria.ru/20181025/1531435324.html;Half-Fake;https://theins.ru/antifake/124108;США Политика;;; 201;В Раде раскритиковали заявление Хуга об отсутствии российских ВС в Донбасс;«Первый вице-спикер Верховной рады Украины Ирина Геращенко назвала “ущербным и неудачным” заявление замглавы миссии ОБСЕ Александра Хуга о том, что наблюдатели организации не обнаружили в Донбассе доказательств российского присутствия.  Ранее Хуг в интервью журналу Foreign Policy отметил, что ОБСЕ не увидела прямых доказательств российского присутствия на востоке Украины. Позже журнал удалил это высказывание. В издании сообщили, что “оно не передавало ту точку зрения, которую он хотел обозначить”. Хуг также говорил, что члены миссии видели на востоке Украины людей в куртках с опознавательными знаками Российской Федерации, добавив при этом, что “такие куртки можно купить везде”».;26.11.2017;12:30;;;https://ria.ru/20181026/1531539504.html;Fake;https://theins.ru/antifake/124291;Украина;;; 202;Советник главы МВД Украины призвала взрывать военные склады в России;Советник министра внутренних дел Украины Татьяна Черновол выступила с призывом взрывать российские военные склады. Она напомнила, что в последнее время участились случаи взрывов в украинских хранилищах боеприпасов и попыталась связать происходящее с Россией. Знаете, такие же склады есть на оккупированной территории, которые стреляют в нас, такие же есть на границе с Украиной с российской стороны, те, что стреляют в нас, — заявила Черновол в эфире программы Эхо Украины на телеканале Прямой.  При этом чиновница пожаловалась, что не произошло никакого ответа на диверсии на украинских складах. Коррупция и подстрекательство Первый зампред думского комитета по обороне Александр Шерин назвал ситуацию с регулярно загорающимися военными складами на Украине нечистым делом и предположил, что это происходит из-за коррупции. Если какая-то беда произошла, то, как в мире теперь заведено, вали все на Россию. Потом и яркое заявление украинским политикам можно сделать, и деньги списать на ликвидацию последствий. Уникальный метод получается, — сказал парламентарий RT. По словам Шерина, высказывание Черновол содержит подстрекательство к конкретным действиям.  Я считаю, что это требует тщательного расследования со стороны наших следственных органов, — отметил депутат, напомнив, что заявление Черновол соответствует призывам некоторых украинских политиков взорвать Крымский мост. Череда пожаров За последнее время на Украине случилось несколько крупных возгораний на складах, после которых Киев бездоказательно выдвигал обвинения в адрес России.  Последним таким ЧП стал пожар, произошедший 9 октября на военном складе возле Ични в Черниговской области. Кроме того, в мае случился взрыв в хранилище боеприпасов недалеко от села Старая Николаевка в Донецкой области.;28.10.2018;13:37;;;https://ria.ru/20181028/1531632112.html?utm_source=yxnews&utm_medium=desktop;Half-Fake;https://theins.ru/antifake/124512;Украина;;;